#	Label	J.D.-2400000	rel_flux_T1_n	rel_flux_err_T1
1	elp0m411-kb92-20200828-0071-e91.fits	59090.610663	0.990031	0.001040
2	elp0m411-kb92-20200828-0072-e91.fits	59090.613079	0.996796	0.001034
3	elp0m411-kb92-20201005-0064-e91.fits	59128.576372	1.002432	0.001188
4	elp0m411-kb92-20201006-0108-e91.fits	59129.599774	0.999618	0.001238
5	elp0m411-kb92-20201006-0109-e91.fits	59129.602188	0.989690	0.001187
6	elp0m411-kb92-20201006-0110-e91.fits	59129.604602	0.996089	0.001244
7	elp0m411-kb92-20201006-0111-e91.fits	59129.607028	0.993090	0.001264
8	elp0m411-kb92-20201006-0112-e91.fits	59129.609442	0.991529	0.001244
9	elp0m411-kb92-20201008-0135-e91.fits	59131.694377	1.002683	0.001050
10	elp0m411-kb92-20201008-0136-e91.fits	59131.696809	0.990491	0.001020
11	elp0m411-kb92-20201008-0137-e91.fits	59131.699226	1.000231	0.001026
12	elp0m411-kb92-20201008-0138-e91.fits	59131.701655	0.996213	0.001042
13	elp0m411-kb92-20201008-0139-e91.fits	59131.704071	0.996779	0.001029
14	elp0m411-kb92-20201009-0144-e91.fits	59132.708227	1.005946	0.001345
15	elp0m411-kb92-20201009-0145-e91.fits	59132.710647	0.991874	0.001091
16	elp0m411-kb92-20201009-0146-e91.fits	59132.713081	0.998648	0.001070
17	elp0m411-kb92-20201009-0147-e91.fits	59132.715495	0.993067	0.001050
18	elp0m411-kb92-20201009-0148-e91.fits	59132.717910	0.994112	0.001048
19	elp0m411-kb92-20201010-0141-e91.fits	59133.705683	1.012634	0.001400
20	elp0m411-kb92-20201010-0142-e91.fits	59133.708098	0.999752	0.001141
21	elp0m411-kb92-20201010-0143-e91.fits	59133.710513	1.000048	0.001102
22	elp0m411-kb92-20201010-0144-e91.fits	59133.712928	0.992069	0.001083
23	elp0m411-kb92-20201010-0145-e91.fits	59133.715344	0.999506	0.001097
24	elp0m411-kb92-20201011-0125-e91.fits	59134.674948	0.996964	0.001007
25	elp0m411-kb92-20201011-0126-e91.fits	59134.677361	1.003153	0.001013
26	elp0m411-kb92-20201011-0127-e91.fits	59134.679788	1.003006	0.001074
27	elp0m411-kb92-20201011-0128-e91.fits	59134.682203	0.999497	0.001151
28	elp0m411-kb92-20201011-0129-e91.fits	59134.684617	0.989224	0.001067
29	elp0m411-kb92-20201012-0109-e91.fits	59135.675020	1.005541	0.002023
30	elp0m411-kb92-20201012-0110-e91.fits	59135.677434	1.013041	0.001630
31	elp0m411-kb92-20201012-0111-e91.fits	59135.679850	1.005199	0.001536
32	elp0m411-kb92-20201012-0112-e91.fits	59135.682263	1.010592	0.001567
33	elp0m411-kb92-20201012-0113-e91.fits	59135.684676	1.002965	0.002440
34	elp0m411-kb92-20201013-0124-e91.fits	59136.674940	1.002966	0.001077
35	elp0m411-kb92-20201013-0125-e91.fits	59136.677359	0.999917	0.001055
36	elp0m411-kb92-20201013-0126-e91.fits	59136.679770	0.994007	0.001054
37	elp0m411-kb92-20201013-0127-e91.fits	59136.682187	1.009451	0.001060
38	elp0m411-kb92-20201013-0128-e91.fits	59136.684602	0.997397	0.001047
39	elp0m411-kb92-20201014-0106-e91.fits	59137.675026	1.008992	0.001273
40	elp0m411-kb92-20201014-0107-e91.fits	59137.677441	1.009760	0.001137
41	elp0m411-kb92-20201014-0108-e91.fits	59137.679864	1.016144	0.001390
42	elp0m411-kb92-20201014-0109-e91.fits	59137.682281	1.010611	0.001456
43	elp0m411-kb92-20201014-0110-e91.fits	59137.684700	1.011266	0.001443
44	elp0m411-kb92-20201016-0094-e91.fits	59139.603114	0.991695	0.001010
45	elp0m411-kb92-20201016-0095-e91.fits	59139.605530	0.992493	0.001018
46	elp0m411-kb92-20201016-0096-e91.fits	59139.607948	0.990878	0.001014
47	elp0m411-kb92-20201016-0097-e91.fits	59139.610363	0.996725	0.001021
48	elp0m411-kb92-20201016-0098-e91.fits	59139.612777	0.989090	0.001022
49	elp0m411-kb92-20201017-0163-e91.fits	59140.717488	1.003637	0.001209
50	elp0m411-kb92-20201017-0164-e91.fits	59140.719903	1.005173	0.001123
51	elp0m411-kb92-20201017-0166-e91.fits	59140.724732	1.012895	0.001144
52	elp0m411-kb92-20201017-0167-e91.fits	59140.727146	0.998555	0.001143
53	elp0m411-kb92-20201022-0148-e91.fits	59145.692091	1.001785	0.000993
54	elp0m411-kb92-20201022-0149-e91.fits	59145.694503	0.997895	0.000999
55	elp0m411-kb92-20201022-0150-e91.fits	59145.696918	0.996255	0.000997
56	elp0m411-kb92-20201022-0151-e91.fits	59145.699330	0.998712	0.001009
57	elp0m411-kb92-20201024-0109-e91.fits	59147.619387	0.986481	0.001065
58	elp0m411-kb92-20201024-0110-e91.fits	59147.621802	0.981325	0.001273
59	elp0m411-kb92-20201024-0111-e91.fits	59147.624217	0.976554	0.001309
60	elp0m411-kb92-20201024-0112-e91.fits	59147.626675	0.978318	0.001199
61	elp0m411-kb92-20201024-0113-e91.fits	59147.629088	0.979648	0.001342
62	elp0m411-kb92-20201104-0137-e91.fits	59158.661256	0.987243	0.001225
63	elp0m411-kb92-20201104-0138-e91.fits	59158.663670	0.990835	0.001188
64	elp0m411-kb92-20201104-0139-e91.fits	59158.666084	0.989438	0.001172
65	elp0m411-kb92-20201104-0140-e91.fits	59158.668498	0.996403	0.001191
66	elp0m411-kb92-20201104-0141-e91.fits	59158.670915	0.995096	0.001167
67	elp0m411-kb92-20201105-0120-e91.fits	59159.631122	1.002901	0.001231
68	elp0m411-kb92-20201105-0121-e91.fits	59159.633549	0.990669	0.001083
69	elp0m411-kb92-20201105-0123-e91.fits	59159.638383	0.971681	0.001050
70	elp0m411-kb92-20201105-0124-e91.fits	59159.640795	0.999882	0.001096
71	elp0m411-kb92-20201108-0120-e91.fits	59162.636122	0.997149	0.001358
72	elp0m411-kb92-20201108-0121-e91.fits	59162.638536	1.010071	0.001336
73	elp0m411-kb92-20201108-0123-e91.fits	59162.643372	1.003995	0.001566
74	elp0m411-kb92-20201108-0124-e91.fits	59162.645787	1.005472	0.001851
75	elp0m411-kb92-20201111-0114-e91.fits	59165.608899	1.000346	0.001125
76	elp0m411-kb92-20201111-0115-e91.fits	59165.611313	1.005413	0.001125
77	elp0m411-kb92-20201111-0116-e91.fits	59165.613726	1.005183	0.001127
78	elp0m411-kb92-20201111-0117-e91.fits	59165.616146	0.999501	0.001113
79	elp0m411-kb92-20201111-0118-e91.fits	59165.618563	1.003784	0.001130
80	elp0m411-kb92-20201114-0116-e91.fits	59168.643679	1.015539	0.001685
81	elp0m411-kb92-20201114-0117-e91.fits	59168.646158	1.009565	0.001443
82	elp0m411-kb92-20201114-0118-e91.fits	59168.648607	1.018498	0.001403
83	elp0m411-kb92-20201114-0119-e91.fits	59168.651021	1.018422	0.001350
84	elp0m411-kb92-20201114-0120-e91.fits	59168.653443	1.024291	0.001335
85	elp0m411-kb92-20201118-0102-e91.fits	59172.595117	1.001989	0.001296
86	elp0m411-kb92-20201118-0103-e91.fits	59172.597531	1.000395	0.001252
87	elp0m411-kb92-20201118-0104-e91.fits	59172.599944	1.007582	0.001312
88	elp0m411-kb92-20201118-0105-e91.fits	59172.602357	1.009998	0.001363
89	elp0m411-kb92-20201118-0106-e91.fits	59172.604771	1.010564	0.001416
90	elp0m411-kb92-20201127-0077-e91.fits	59181.554345	1.000720	0.001414
91	elp0m411-kb92-20201127-0078-e91.fits	59181.556772	0.996946	0.001410
92	elp0m411-kb92-20201127-0079-e91.fits	59181.559193	0.996977	0.001442
93	elp0m411-kb92-20201127-0080-e91.fits	59181.561606	1.003602	0.001467
94	elp0m411-kb92-20201127-0081-e91.fits	59181.564020	0.989935	0.001443
95	elp0m411-kb92-20201201-0125-e91.fits	59185.585708	0.989183	0.001241
96	elp0m411-kb92-20201201-0126-e91.fits	59185.588123	0.992578	0.001175
97	elp0m411-kb92-20201201-0127-e91.fits	59185.590537	0.991271	0.001220
98	elp0m411-kb92-20201201-0128-e91.fits	59185.592987	0.989819	0.001208
99	elp0m411-kb92-20201201-0129-e91.fits	59185.595411	0.981148	0.001181
100	elp0m411-kb92-20210330-0184-e91.fits	59304.916971	0.988825	0.001587
101	elp0m411-kb92-20210330-0185-e91.fits	59304.919388	0.999352	0.001528
102	elp0m411-kb92-20210330-0186-e91.fits	59304.921803	0.997258	0.001680
103	elp0m411-kb92-20210330-0187-e91.fits	59304.924217	1.006058	0.001962
104	elp0m411-kb92-20210405-0318-e91.fits	59310.905599	1.027211	0.002107
105	elp0m411-kb92-20210405-0319-e91.fits	59310.908013	1.005347	0.001752
106	elp0m411-kb92-20210405-0320-e91.fits	59310.910435	1.010910	0.001775
107	elp0m411-kb92-20210405-0321-e91.fits	59310.912861	1.013552	0.001796
108	elp0m411-kb92-20210405-0322-e91.fits	59310.915278	1.014873	0.001736
109	elp0m411-kb92-20210504-0193-e91.fits	59339.931902	1.026973	0.001824
110	elp0m411-kb92-20210504-0194-e91.fits	59339.934317	1.007917	0.001390
111	elp0m411-kb92-20210504-0195-e91.fits	59339.936733	1.012076	0.001449
112	elp0m411-kb92-20210504-0196-e91.fits	59339.939147	1.005285	0.001440
113	elp0m411-kb92-20210504-0197-e91.fits	59339.941561	1.016841	0.001507
114	elp0m411-kb92-20210504-0198-e91.fits	59339.943974	1.011609	0.001438
115	elp0m411-kb92-20210504-0199-e91.fits	59339.946387	1.007361	0.001465
116	elp0m411-kb92-20210504-0200-e91.fits	59339.948803	1.014969	0.001506
117	elp0m411-kb92-20210504-0201-e91.fits	59339.951217	0.999477	0.001447
118	elp0m411-kb92-20210504-0202-e91.fits	59339.953674	1.021360	0.001472
119	elp0m411-kb92-20210519-0161-e91.fits	59354.904152	1.017168	0.001866
120	elp0m411-kb92-20210519-0162-e91.fits	59354.906602	1.012370	0.001539
121	elp0m411-kb92-20210519-0163-e91.fits	59354.909014	1.015536	0.001554
122	elp0m411-kb92-20210519-0164-e91.fits	59354.911430	1.017954	0.001537
123	elp0m411-kb92-20210519-0165-e91.fits	59354.913848	1.005605	0.001478
124	elp0m411-kb92-20210519-0166-e91.fits	59354.916269	1.009831	0.001526
125	elp0m411-kb92-20210519-0167-e91.fits	59354.918684	1.010692	0.001487
126	elp0m411-kb92-20210519-0168-e91.fits	59354.921099	1.010317	0.001492
127	elp0m411-kb92-20210519-0169-e91.fits	59354.923510	1.009727	0.001516
128	elp0m411-kb92-20210519-0170-e91.fits	59354.925924	1.009058	0.001519
129	elp0m411-kb92-20210613-0149-e91.fits	59379.831140	1.000553	0.002047
130	elp0m411-kb92-20210613-0150-e91.fits	59379.833557	0.994187	0.001788
131	elp0m411-kb92-20210613-0151-e91.fits	59379.835971	1.003584	0.001747
132	elp0m411-kb92-20210613-0152-e91.fits	59379.838384	1.007602	0.001662
133	elp0m411-kb92-20210613-0153-e91.fits	59379.840799	1.003425	0.001619
134	elp0m411-kb92-20210613-0154-e91.fits	59379.843212	1.006061	0.001691
135	elp0m411-kb92-20210613-0155-e91.fits	59379.845627	1.000462	0.001597
136	elp0m411-kb92-20210613-0156-e91.fits	59379.848042	0.989968	0.001586
137	elp0m411-kb92-20210613-0157-e91.fits	59379.850456	1.005108	0.001548
138	elp0m411-kb92-20210613-0158-e91.fits	59379.852909	1.007778	0.001576
139	elp0m411-kb92-20210615-0182-e91.fits	59381.843800	1.010990	0.001440
140	elp0m411-kb92-20210615-0183-e91.fits	59381.846214	1.004997	0.001415
141	elp0m411-kb92-20210615-0184-e91.fits	59381.848632	1.005186	0.001415
142	elp0m411-kb92-20210615-0185-e91.fits	59381.851050	1.001637	0.001376
143	elp0m411-kb92-20210615-0186-e91.fits	59381.853468	1.002514	0.001365
