#	Label	J.D.-2400000	rel_flux_T1_n
1	ogg0m406-kb27-20190407-0254-e91.fits	58582.118633	0.991758
2	ogg0m406-kb27-20190407-0255-e91.fits	58582.121147	0.989298
3	ogg0m406-kb27-20190407-0256-e91.fits	58582.123614	0.985283
4	ogg0m406-kb27-20190407-0257-e91.fits	58582.126086	0.990852
5	ogg0m406-kb27-20190407-0258-e91.fits	58582.128554	0.991581
6	ogg0m406-kb27-20190407-0259-e91.fits	58582.131021	0.995134
7	ogg0m406-kb27-20190407-0260-e91.fits	58582.133490	0.989146
8	ogg0m406-kb27-20190512-0169-e91.fits	58617.001822	1.023314
9	ogg0m406-kb27-20190512-0170-e91.fits	58617.004308	1.010675
10	ogg0m406-kb27-20190512-0171-e91.fits	58617.006778	1.021595
11	ogg0m406-kb27-20190512-0172-e91.fits	58617.009284	1.022615
12	ogg0m406-kb27-20190512-0173-e91.fits	58617.011751	1.016126
13	ogg0m406-kb27-20190512-0174-e91.fits	58617.014223	1.000747
14	ogg0m406-kb27-20190512-0175-e91.fits	58617.016690	0.993196
15	ogg0m406-kb27-20190512-0176-e91.fits	58617.019159	0.992024
16	ogg0m406-kb27-20190512-0177-e91.fits	58617.021627	0.996571
17	ogg0m406-kb27-20190512-0178-e91.fits	58617.024096	0.994657
18	ogg0m406-kb27-20190617-0110-e91.fits	58652.889107	1.000992
19	ogg0m406-kb27-20190617-0111-e91.fits	58652.891604	1.015602
20	ogg0m406-kb27-20190617-0112-e91.fits	58652.894085	1.017034
21	ogg0m406-kb27-20190617-0113-e91.fits	58652.896571	1.008189
22	ogg0m406-kb27-20190617-0114-e91.fits	58652.899072	1.001235
23	ogg0m406-kb27-20190617-0115-e91.fits	58652.901539	0.993364
24	ogg0m406-kb27-20190617-0116-e91.fits	58652.904009	0.990907
25	ogg0m406-kb27-20190617-0117-e91.fits	58652.906481	0.998836
26	ogg0m406-kb27-20190617-0118-e91.fits	58652.908961	0.998504
27	ogg0m406-kb27-20190617-0119-e91.fits	58652.911430	1.010198
28	ogg0m406-kb27-20190709-0068-e91.fits	58674.785363	1.003456
29	ogg0m406-kb27-20190709-0069-e91.fits	58674.787834	1.001448
30	ogg0m406-kb27-20190709-0070-e91.fits	58674.790305	1.004421
31	ogg0m406-kb27-20190709-0071-e91.fits	58674.792772	1.006410
32	ogg0m406-kb27-20190709-0072-e91.fits	58674.795240	1.000863
33	ogg0m406-kb27-20190709-0073-e91.fits	58674.797709	1.000732
34	ogg0m406-kb27-20190709-0074-e91.fits	58674.800181	0.993176
35	ogg0m406-kb27-20190709-0075-e91.fits	58674.802648	0.991952
36	ogg0m406-kb27-20190709-0076-e91.fits	58674.805117	0.997073
37	ogg0m406-kb27-20190709-0077-e91.fits	58674.807585	0.999813
38	ogg0m406-kb27-20190715-0110-e91.fits	58680.802706	1.002827
39	ogg0m406-kb27-20190715-0111-e91.fits	58680.805203	0.985664
40	ogg0m406-kb27-20190715-0112-e91.fits	58680.807672	0.992687
41	ogg0m406-kb27-20190715-0113-e91.fits	58680.810169	0.993128
42	ogg0m406-kb27-20190715-0114-e91.fits	58680.812636	0.994091
43	ogg0m406-kb27-20190715-0115-e91.fits	58680.815104	1.000927
44	ogg0m406-kb27-20190715-0116-e91.fits	58680.817589	1.006238
45	ogg0m406-kb27-20190715-0117-e91.fits	58680.820061	1.007288
46	ogg0m406-kb27-20190715-0118-e91.fits	58680.822554	1.004214
47	ogg0m406-kb27-20190715-0119-e91.fits	58680.825024	0.997407
48	ogg0m406-kb27-20190729-0083-e91.fits	58695.040873	1.011473
49	ogg0m406-kb27-20190729-0084-e91.fits	58695.043344	1.007006
50	ogg0m406-kb27-20190729-0085-e91.fits	58695.045813	0.999550
51	ogg0m406-kb27-20190729-0086-e91.fits	58695.048281	0.996538
52	ogg0m406-kb27-20190729-0087-e91.fits	58695.050775	0.994924
53	ogg0m406-kb27-20190729-0088-e91.fits	58695.053301	0.999282
54	ogg0m406-kb27-20190729-0089-e91.fits	58695.055768	1.002175
55	ogg0m406-kb27-20190729-0090-e91.fits	58695.058263	1.005713
56	ogg0m406-kb27-20190729-0091-e91.fits	58695.060731	1.002192
57	ogg0m406-kb27-20190729-0092-e91.fits	58695.063199	1.003154
58	ogg0m406-kb27-20190811-0358-e91.fits	58707.998451	0.993600
59	ogg0m406-kb27-20190811-0359-e91.fits	58708.000918	1.005523
60	ogg0m406-kb27-20190811-0360-e91.fits	58708.003416	1.016138
61	ogg0m406-kb27-20190811-0361-e91.fits	58708.005881	0.998604
62	ogg0m406-kb27-20190811-0362-e91.fits	58708.008348	0.992797
63	ogg0m406-kb27-20190811-0363-e91.fits	58708.010821	0.992549
64	ogg0m406-kb27-20190811-0364-e91.fits	58708.013288	0.991418
65	ogg0m406-kb27-20190811-0365-e91.fits	58708.015797	0.995973
66	ogg0m406-kb27-20190811-0366-e91.fits	58708.018265	0.995864
67	ogg0m406-kb27-20190811-0367-e91.fits	58708.020733	0.995418
68	ogg0m406-kb27-20191021-0160-e91.fits	58778.834669	1.010723
69	ogg0m406-kb27-20191021-0161-e91.fits	58778.837152	0.993357
70	ogg0m406-kb27-20191021-0162-e91.fits	58778.839619	0.988527
71	ogg0m406-kb27-20191021-0163-e91.fits	58778.842088	1.007258
72	ogg0m406-kb27-20191021-0164-e91.fits	58778.844556	1.004547
73	ogg0m406-kb27-20191021-0165-e91.fits	58778.847024	1.011783
74	ogg0m406-kb27-20191021-0166-e91.fits	58778.849503	0.998299
75	ogg0m406-kb27-20191021-0167-e91.fits	58778.851974	0.993141
76	ogg0m406-kb27-20191021-0168-e91.fits	58778.854441	1.000978
77	ogg0m406-kb27-20191021-0169-e91.fits	58778.856911	0.998080
