#	Label	J.D.-2400000	rel_flux_T1_n
1	ogg0m404-kb82-20190520-0173-e91.fits	58625.049113	0.997933
2	ogg0m404-kb82-20190520-0174-e91.fits	58625.051590	0.994419
3	ogg0m404-kb82-20190520-0175-e91.fits	58625.054070	0.999983
4	ogg0m404-kb82-20190520-0176-e91.fits	58625.056546	0.997628
5	ogg0m404-kb82-20190520-0177-e91.fits	58625.059024	1.003038
6	ogg0m404-kb82-20190520-0178-e91.fits	58625.061497	0.992723
7	ogg0m404-kb82-20190520-0179-e91.fits	58625.063972	0.989832
8	ogg0m404-kb82-20190520-0180-e91.fits	58625.066458	0.995337
9	ogg0m404-kb82-20190520-0181-e91.fits	58625.068932	0.999396
10	ogg0m404-kb82-20190520-0182-e91.fits	58625.071420	0.991249
11	ogg0m404-kb82-20190610-0191-e91.fits	58646.023415	1.012906
12	ogg0m404-kb82-20190610-0192-e91.fits	58646.025887	0.995183
13	ogg0m404-kb82-20190610-0193-e91.fits	58646.028358	1.001940
14	ogg0m404-kb82-20190610-0194-e91.fits	58646.030830	1.003421
15	ogg0m404-kb82-20190610-0195-e91.fits	58646.033300	0.997771
16	ogg0m404-kb82-20190610-0196-e91.fits	58646.035769	1.008731
17	ogg0m404-kb82-20190610-0197-e91.fits	58646.038239	1.002867
18	ogg0m404-kb82-20190610-0198-e91.fits	58646.040712	1.007771
19	ogg0m404-kb82-20190610-0199-e91.fits	58646.043179	1.000986
20	ogg0m404-kb82-20190610-0200-e91.fits	58646.045647	1.011281
21	ogg0m404-kb82-20190630-0617-e91.fits	58666.052094	1.001439
22	ogg0m404-kb82-20190630-0618-e91.fits	58666.054564	0.993386
23	ogg0m404-kb82-20190630-0619-e91.fits	58666.057032	0.991859
24	ogg0m404-kb82-20190630-0620-e91.fits	58666.059501	0.992167
25	ogg0m404-kb82-20190630-0621-e91.fits	58666.061970	0.996572
26	ogg0m404-kb82-20190630-0622-e91.fits	58666.064438	0.998761
27	ogg0m404-kb82-20190630-0623-e91.fits	58666.066905	1.000554
28	ogg0m404-kb82-20190630-0624-e91.fits	58666.069374	0.999504
29	ogg0m404-kb82-20190630-0625-e91.fits	58666.071842	0.999481
30	ogg0m404-kb82-20190630-0626-e91.fits	58666.074312	0.996898
31	ogg0m404-kb82-20190723-0191-e91.fits	58688.952543	0.990443
32	ogg0m404-kb82-20190723-0192-e91.fits	58688.955012	0.989345
33	ogg0m404-kb82-20190723-0193-e91.fits	58688.957478	0.990773
34	ogg0m404-kb82-20190723-0194-e91.fits	58688.959946	0.996828
35	ogg0m404-kb82-20190723-0195-e91.fits	58688.962413	0.986888
36	ogg0m404-kb82-20190723-0196-e91.fits	58688.964880	0.991668
37	ogg0m404-kb82-20190723-0197-e91.fits	58688.967385	0.987503
38	ogg0m404-kb82-20190723-0198-e91.fits	58688.969852	0.986688
39	ogg0m404-kb82-20190723-0199-e91.fits	58688.972319	0.986585
40	ogg0m404-kb82-20190723-0200-e91.fits	58688.974785	0.992602
41	ogg0m404-kb82-20190827-0493-e91.fits	58723.911219	1.008737
42	ogg0m404-kb82-20190827-0494-e91.fits	58723.913690	1.010463
43	ogg0m404-kb82-20190827-0495-e91.fits	58723.916157	1.013672
44	ogg0m404-kb82-20190827-0496-e91.fits	58723.918628	1.010439
45	ogg0m404-kb82-20190827-0497-e91.fits	58723.921097	1.007254
46	ogg0m404-kb82-20190827-0498-e91.fits	58723.923566	0.998395
47	ogg0m404-kb82-20190827-0499-e91.fits	58723.926063	1.000260
48	ogg0m404-kb82-20190827-0500-e91.fits	58723.928531	1.000383
49	ogg0m404-kb82-20190827-0501-e91.fits	58723.931000	1.002454
50	ogg0m404-kb82-20190827-0502-e91.fits	58723.933485	1.000283
51	ogg0m404-kb82-20190924-0166-e91.fits	58751.886970	1.021944
52	ogg0m404-kb82-20190924-0167-e91.fits	58751.889442	1.011706
53	ogg0m404-kb82-20190924-0168-e91.fits	58751.891909	1.012932
54	ogg0m404-kb82-20190924-0169-e91.fits	58751.894379	1.011977
55	ogg0m404-kb82-20190924-0170-e91.fits	58751.896845	1.017090
56	ogg0m404-kb82-20190924-0171-e91.fits	58751.899313	1.012543
57	ogg0m404-kb82-20190924-0172-e91.fits	58751.901781	1.012296
58	ogg0m404-kb82-20190924-0173-e91.fits	58751.904249	1.012995
59	ogg0m404-kb82-20190924-0174-e91.fits	58751.906715	1.007651
60	ogg0m404-kb82-20190924-0175-e91.fits	58751.909183	1.010292
61	ogg0m404-kb82-20191028-0088-e91.fits	58785.816008	0.989758
62	ogg0m404-kb82-20191028-0089-e91.fits	58785.818478	0.992196
63	ogg0m404-kb82-20191028-0090-e91.fits	58785.820944	0.995623
64	ogg0m404-kb82-20191028-0091-e91.fits	58785.823413	1.001186
65	ogg0m404-kb82-20191028-0092-e91.fits	58785.825881	0.997516
66	ogg0m404-kb82-20191028-0093-e91.fits	58785.828347	1.002516
67	ogg0m404-kb82-20191028-0094-e91.fits	58785.830815	0.999419
68	ogg0m404-kb82-20191028-0095-e91.fits	58785.833282	1.004400
69	ogg0m404-kb82-20191028-0096-e91.fits	58785.835776	1.001167
70	ogg0m404-kb82-20191028-0097-e91.fits	58785.838244	1.003025
