#	Label	J.D.-2400000	rel_flux_T1_n
1	ogg0m404-kb82-20190520-0173-e91.fits	58625.049113	1.000274
2	ogg0m404-kb82-20190520-0174-e91.fits	58625.051590	0.997093
3	ogg0m404-kb82-20190520-0175-e91.fits	58625.054070	1.001571
4	ogg0m404-kb82-20190520-0176-e91.fits	58625.056546	1.005338
5	ogg0m404-kb82-20190520-0177-e91.fits	58625.059024	1.006513
6	ogg0m404-kb82-20190520-0178-e91.fits	58625.061497	1.001277
7	ogg0m404-kb82-20190520-0179-e91.fits	58625.063972	0.998406
8	ogg0m404-kb82-20190520-0180-e91.fits	58625.066458	1.002136
9	ogg0m404-kb82-20190520-0181-e91.fits	58625.068932	1.007435
10	ogg0m404-kb82-20190520-0182-e91.fits	58625.071420	0.993238
11	ogg0m404-kb82-20190610-0191-e91.fits	58646.023415	1.031666
12	ogg0m404-kb82-20190610-0192-e91.fits	58646.025887	1.017310
13	ogg0m404-kb82-20190610-0193-e91.fits	58646.028358	1.019992
14	ogg0m404-kb82-20190610-0194-e91.fits	58646.030830	1.019582
15	ogg0m404-kb82-20190610-0195-e91.fits	58646.033300	1.021718
16	ogg0m404-kb82-20190610-0196-e91.fits	58646.035769	1.023104
17	ogg0m404-kb82-20190610-0197-e91.fits	58646.038239	1.017788
18	ogg0m404-kb82-20190610-0198-e91.fits	58646.040712	1.019542
19	ogg0m404-kb82-20190610-0199-e91.fits	58646.043179	1.013649
20	ogg0m404-kb82-20190610-0200-e91.fits	58646.045647	0.946891
21	ogg0m404-kb82-20190630-0617-e91.fits	58666.052094	1.016841
22	ogg0m404-kb82-20190630-0618-e91.fits	58666.054564	1.017348
23	ogg0m404-kb82-20190630-0619-e91.fits	58666.057032	1.010299
24	ogg0m404-kb82-20190630-0620-e91.fits	58666.059501	1.007596
25	ogg0m404-kb82-20190630-0621-e91.fits	58666.061970	1.008558
26	ogg0m404-kb82-20190630-0622-e91.fits	58666.064438	0.979016
27	ogg0m404-kb82-20190630-0623-e91.fits	58666.066905	0.973923
28	ogg0m404-kb82-20190630-0624-e91.fits	58666.069374	0.972616
29	ogg0m404-kb82-20190630-0625-e91.fits	58666.071842	0.976867
30	ogg0m404-kb82-20190630-0626-e91.fits	58666.074312	1.015975
31	ogg0m404-kb82-20190723-0191-e91.fits	58688.952543	1.008837
32	ogg0m404-kb82-20190723-0192-e91.fits	58688.955012	1.002239
33	ogg0m404-kb82-20190723-0193-e91.fits	58688.957478	1.002813
34	ogg0m404-kb82-20190723-0194-e91.fits	58688.959946	1.008224
35	ogg0m404-kb82-20190723-0195-e91.fits	58688.962413	0.997288
36	ogg0m404-kb82-20190723-0196-e91.fits	58688.964880	1.002178
37	ogg0m404-kb82-20190723-0197-e91.fits	58688.967385	0.995896
38	ogg0m404-kb82-20190723-0198-e91.fits	58688.969852	1.000955
39	ogg0m404-kb82-20190723-0199-e91.fits	58688.972319	0.998526
40	ogg0m404-kb82-20190723-0200-e91.fits	58688.974785	1.004519
41	ogg0m404-kb82-20190827-0493-e91.fits	58723.911219	1.031556
42	ogg0m404-kb82-20190827-0494-e91.fits	58723.913690	1.029105
43	ogg0m404-kb82-20190827-0495-e91.fits	58723.916157	1.033030
44	ogg0m404-kb82-20190827-0496-e91.fits	58723.918628	1.028837
45	ogg0m404-kb82-20190827-0497-e91.fits	58723.921097	1.028677
46	ogg0m404-kb82-20190827-0498-e91.fits	58723.923566	1.018981
47	ogg0m404-kb82-20190827-0499-e91.fits	58723.926063	1.015985
48	ogg0m404-kb82-20190827-0500-e91.fits	58723.928531	1.023355
49	ogg0m404-kb82-20190827-0501-e91.fits	58723.931000	1.024274
50	ogg0m404-kb82-20190827-0502-e91.fits	58723.933485	1.021759
51	ogg0m404-kb82-20190924-0166-e91.fits	58751.886970	1.043989
52	ogg0m404-kb82-20190924-0167-e91.fits	58751.889442	0.930553
53	ogg0m404-kb82-20190924-0168-e91.fits	58751.891909	0.933814
54	ogg0m404-kb82-20190924-0169-e91.fits	58751.894379	0.937839
55	ogg0m404-kb82-20190924-0170-e91.fits	58751.896845	0.941047
56	ogg0m404-kb82-20190924-0171-e91.fits	58751.899313	0.945368
57	ogg0m404-kb82-20190924-0172-e91.fits	58751.901781	0.934765
58	ogg0m404-kb82-20190924-0173-e91.fits	58751.904249	0.929621
59	ogg0m404-kb82-20190924-0174-e91.fits	58751.906715	0.928091
60	ogg0m404-kb82-20190924-0175-e91.fits	58751.909183	0.923790
61	ogg0m404-kb82-20191028-0088-e91.fits	58785.816008	1.007122
62	ogg0m404-kb82-20191028-0089-e91.fits	58785.818478	1.013725
63	ogg0m404-kb82-20191028-0090-e91.fits	58785.820944	1.013324
64	ogg0m404-kb82-20191028-0091-e91.fits	58785.823413	1.024198
65	ogg0m404-kb82-20191028-0092-e91.fits	58785.825881	1.017869
66	ogg0m404-kb82-20191028-0093-e91.fits	58785.828347	1.023644
67	ogg0m404-kb82-20191028-0094-e91.fits	58785.830815	1.021596
68	ogg0m404-kb82-20191028-0095-e91.fits	58785.833282	1.027381
69	ogg0m404-kb82-20191028-0096-e91.fits	58785.835776	1.021971
70	ogg0m404-kb82-20191028-0097-e91.fits	58785.838244	1.023646
71	ogg0m404-kb82-20191101-0104-e91.fits	58789.795178	0.995553
72	ogg0m404-kb82-20191101-0105-e91.fits	58789.797648	1.009873
73	ogg0m404-kb82-20191101-0106-e91.fits	58789.800117	1.011347
74	ogg0m404-kb82-20191101-0107-e91.fits	58789.802583	1.008673
75	ogg0m404-kb82-20191101-0108-e91.fits	58789.805050	1.025211
76	ogg0m404-kb82-20191101-0109-e91.fits	58789.807519	1.024653
77	ogg0m404-kb82-20191101-0110-e91.fits	58789.810017	1.020039
78	ogg0m404-kb82-20191101-0111-e91.fits	58789.812489	1.022938
79	ogg0m404-kb82-20191101-0112-e91.fits	58789.815004	1.022031
80	ogg0m404-kb82-20191101-0113-e91.fits	58789.817474	1.022509
81	ogg0m404-kb82-20191114-0107-e91.fits	58802.775611	0.995431
82	ogg0m404-kb82-20191114-0108-e91.fits	58802.778081	0.993581
83	ogg0m404-kb82-20191114-0109-e91.fits	58802.780546	0.987929
84	ogg0m404-kb82-20191114-0110-e91.fits	58802.783014	0.984360
85	ogg0m404-kb82-20191114-0111-e91.fits	58802.785480	0.983788
86	ogg0m404-kb82-20191114-0112-e91.fits	58802.787948	0.977421
87	ogg0m404-kb82-20191114-0113-e91.fits	58802.790416	0.988115
88	ogg0m404-kb82-20191114-0114-e91.fits	58802.792894	0.983349
89	ogg0m404-kb82-20191114-0115-e91.fits	58802.795361	0.984501
90	ogg0m404-kb82-20191114-0116-e91.fits	58802.797830	0.982981
