#	Label	J.D.-2400000	rel_flux_T1_n	rel_flux_T1	rel_flux_err_T1	rel_flux_err_T1_n
1	tfn0m410-kb98-20191209-0070-e91.fits	58827.308419	0.997474	0.330235	0.001674	0.005056
2	tfn0m410-kb98-20191209-0071-e91.fits	58827.310901	0.994503	0.329251	0.001643	0.004963
3	tfn0m410-kb98-20191209-0072-e91.fits	58827.313380	0.999940	0.331051	0.001623	0.004901
4	tfn0m410-kb98-20191211-0064-e91.fits	58829.297097	0.999568	0.330928	0.001723	0.005204
5	tfn0m410-kb98-20191211-0065-e91.fits	58829.299580	0.992384	0.328549	0.001529	0.004619
6	tfn0m410-kb98-20191211-0066-e91.fits	58829.302062	0.989892	0.327725	0.001607	0.004853
7	tfn0m410-kb98-20191211-0067-e91.fits	58829.304542	0.995049	0.329432	0.001593	0.004810
8	tfn0m410-kb98-20191211-0068-e91.fits	58829.307023	0.985309	0.326207	0.001618	0.004886
9	tfn0m410-kb98-20200311-0226-e91.fits	58920.723362	0.993282	0.328847	0.001608	0.004858
10	tfn0m410-kb98-20200311-0227-e91.fits	58920.725845	0.986495	0.326600	0.001536	0.004639
11	tfn0m410-kb98-20200311-0228-e91.fits	58920.728325	0.997491	0.330240	0.001560	0.004711
12	tfn0m410-kb98-20200311-0229-e91.fits	58920.730835	0.995760	0.329667	0.001599	0.004829
13	tfn0m410-kb98-20200311-0230-e91.fits	58920.733315	0.995695	0.329646	0.001549	0.004677
14	tfn0m410-kb98-20200311-0231-e91.fits	58920.735805	0.984481	0.325933	0.001459	0.004408
15	tfn0m410-kb98-20200311-0232-e91.fits	58920.738284	0.993080	0.328780	0.001482	0.004476
16	tfn0m410-kb98-20200311-0233-e91.fits	58920.740766	1.004654	0.332612	0.001479	0.004467
17	tfn0m410-kb98-20200311-0234-e91.fits	58920.743245	0.997730	0.330319	0.001490	0.004500
18	tfn0m410-kb98-20200311-0235-e91.fits	58920.745726	0.995202	0.329482	0.001492	0.004507
19	tfn0m410-kb98-20200427-0169-e91.fits	58967.615917	1.001965	0.331722	0.001754	0.005298
20	tfn0m410-kb98-20200427-0170-e91.fits	58967.618398	1.001783	0.331661	0.001765	0.005332
21	tfn0m410-kb98-20200427-0171-e91.fits	58967.620881	1.008427	0.333861	0.001739	0.005252
22	tfn0m410-kb98-20200427-0172-e91.fits	58967.623376	1.005337	0.332838	0.001726	0.005213
23	tfn0m410-kb98-20200427-0173-e91.fits	58967.625855	1.004172	0.332452	0.001874	0.005660
24	tfn0m410-kb98-20200427-0174-e91.fits	58967.628336	0.997116	0.330116	0.001907	0.005759
25	tfn0m410-kb98-20200427-0175-e91.fits	58967.630813	1.011610	0.334915	0.001948	0.005884
26	tfn0m410-kb98-20200427-0176-e91.fits	58967.633295	1.009190	0.334113	0.001789	0.005403
27	tfn0m410-kb98-20200427-0178-e91.fits	58967.638252	1.011247	0.334794	0.001718	0.005190
28	tfn0m410-kb98-20200620-0238-e91.fits	59021.596167	1.010089	0.334411	0.001315	0.003971
29	tfn0m410-kb98-20200620-0239-e91.fits	59021.598670	1.003516	0.332235	0.001244	0.003757
30	tfn0m410-kb98-20200620-0240-e91.fits	59021.601149	1.003430	0.332207	0.001234	0.003728
31	tfn0m410-kb98-20200620-0241-e91.fits	59021.603627	1.009032	0.334061	0.001234	0.003728
32	tfn0m410-kb98-20200620-0242-e91.fits	59021.606106	1.004231	0.332472	0.001215	0.003671
33	tfn0m410-kb98-20200620-0243-e91.fits	59021.608586	0.997413	0.330215	0.001200	0.003625
34	tfn0m410-kb98-20200620-0244-e91.fits	59021.611065	1.004666	0.332616	0.001241	0.003749
35	tfn0m410-kb98-20200620-0245-e91.fits	59021.613545	1.002834	0.332009	0.001224	0.003696
36	tfn0m410-kb98-20200620-0246-e91.fits	59021.616027	1.003916	0.332367	0.001234	0.003726
37	tfn0m410-kb98-20200620-0247-e91.fits	59021.618508	0.999566	0.330927	0.001210	0.003656
38	tfn0m410-kb98-20200629-0335-e91.fits	59030.653297	1.006732	0.333300	0.001589	0.004799
39	tfn0m410-kb98-20200629-0336-e91.fits	59030.655781	1.009352	0.334167	0.001223	0.003693
40	tfn0m410-kb98-20200629-0337-e91.fits	59030.658262	1.005028	0.332735	0.001235	0.003732
41	tfn0m410-kb98-20200629-0338-e91.fits	59030.660744	1.007124	0.333430	0.001222	0.003691
42	tfn0m410-kb98-20200629-0339-e91.fits	59030.663225	1.003565	0.332251	0.001226	0.003702
43	tfn0m410-kb98-20200629-0340-e91.fits	59030.665706	1.006683	0.333283	0.001229	0.003713
44	tfn0m410-kb98-20200629-0341-e91.fits	59030.668186	1.012406	0.335178	0.001240	0.003746
45	tfn0m410-kb98-20200629-0342-e91.fits	59030.670664	1.002782	0.331992	0.001232	0.003720
46	tfn0m410-kb98-20200629-0343-e91.fits	59030.673144	1.001773	0.331658	0.001234	0.003729
47	tfn0m410-kb98-20200629-0344-e91.fits	59030.675624	1.007884	0.333681	0.001242	0.003751
48	tfn0m410-kb98-20200816-0091-e91.fits	59078.424363	1.015648	0.336251	0.001435	0.004336
49	tfn0m410-kb98-20200816-0092-e91.fits	59078.426842	1.005270	0.332816	0.001380	0.004167
50	tfn0m410-kb98-20200816-0093-e91.fits	59078.429324	1.011579	0.334905	0.001419	0.004285
51	tfn0m410-kb98-20200816-0094-e91.fits	59078.431826	1.016863	0.336654	0.001413	0.004268
52	tfn0m410-kb98-20200816-0095-e91.fits	59078.434308	1.020146	0.337741	0.001404	0.004242
53	tfn0m410-kb98-20200816-0096-e91.fits	59078.436789	1.017898	0.336997	0.001417	0.004280
54	tfn0m410-kb98-20200816-0097-e91.fits	59078.439269	1.014340	0.335818	0.001415	0.004273
55	tfn0m410-kb98-20200816-0098-e91.fits	59078.441749	1.021265	0.338111	0.001431	0.004322
56	tfn0m410-kb98-20200816-0099-e91.fits	59078.444228	1.018503	0.337197	0.001454	0.004393
57	tfn0m410-kb98-20200816-0100-e91.fits	59078.446718	1.015252	0.336120	0.001438	0.004343
58	tfn0m410-kb98-20200918-0131-e91.fits	59111.509143	1.010763	0.334634	0.001788	0.005400
59	tfn0m410-kb98-20200918-0133-e91.fits	59111.514104	0.995198	0.329481	0.001518	0.004585
60	tfn0m410-kb98-20200918-0134-e91.fits	59111.516597	0.993233	0.328831	0.001516	0.004580
61	tfn0m410-kb98-20200918-0135-e91.fits	59111.519076	0.997897	0.330375	0.001509	0.004559
62	tfn0m410-kb98-20200918-0136-e91.fits	59111.521557	0.993119	0.328793	0.001522	0.004596
63	tfn0m410-kb98-20200918-0137-e91.fits	59111.524035	0.984087	0.325802	0.001489	0.004498
64	tfn0m410-kb98-20200918-0138-e91.fits	59111.526517	0.990265	0.327848	0.001454	0.004392
65	tfn0m410-kb98-20200918-0139-e91.fits	59111.528999	0.990316	0.327865	0.001436	0.004336
66	tfn0m410-kb98-20200918-0140-e91.fits	59111.531476	0.992127	0.328465	0.001435	0.004333
67	tfn0m410-kb98-20200930-0124-e91.fits	59123.414210	0.976863	0.323411	0.001697	0.005126
68	tfn0m410-kb98-20200930-0125-e91.fits	59123.416690	0.969471	0.320964	0.001557	0.004702
69	tfn0m410-kb98-20200930-0126-e91.fits	59123.419170	0.980714	0.324686	0.001583	0.004781
70	tfn0m410-kb98-20200930-0127-e91.fits	59123.421648	0.973764	0.322385	0.001591	0.004805
71	tfn0m410-kb98-20200930-0128-e91.fits	59123.424128	0.977284	0.323550	0.001611	0.004867
72	tfn0m410-kb98-20200930-0129-e91.fits	59123.426609	0.982127	0.325154	0.001583	0.004783
73	tfn0m410-kb98-20200930-0130-e91.fits	59123.429088	0.985415	0.326242	0.001711	0.005169
74	tfn0m410-kb98-20200930-0131-e91.fits	59123.431611	0.973925	0.322438	0.001576	0.004761
75	tfn0m410-kb98-20200930-0132-e91.fits	59123.434090	0.974143	0.322511	0.001631	0.004925
76	tfn0m410-kb98-20200930-0133-e91.fits	59123.436590	0.972401	0.321934	0.001659	0.005011
