#	Label	J.D.-2400000	rel_flux_T1_n
1	tfn0m414-kb25-20190414-0114-e91.fits	58588.648241	1.078093
2	tfn0m414-kb25-20190414-0115-e91.fits	58588.650722	1.076106
3	tfn0m414-kb25-20190414-0116-e91.fits	58588.653231	1.080250
4	tfn0m414-kb25-20190414-0117-e91.fits	58588.655701	1.077322
5	tfn0m414-kb25-20190414-0118-e91.fits	58588.658196	1.079444
6	tfn0m414-kb25-20190414-0119-e91.fits	58588.660666	1.086311
7	tfn0m414-kb25-20190414-0120-e91.fits	58588.663136	1.073303
8	tfn0m414-kb25-20190414-0121-e91.fits	58588.665615	1.079930
9	tfn0m414-kb25-20190414-0122-e91.fits	58588.668091	1.076543
10	tfn0m414-kb25-20190414-0123-e91.fits	58588.670571	1.076192
21	tfn0m414-kb25-20190429-0202-e91.fits	58603.600492	1.067577
22	tfn0m414-kb25-20190429-0203-e91.fits	58603.602980	1.071100
23	tfn0m414-kb25-20190429-0204-e91.fits	58603.605460	1.075374
24	tfn0m414-kb25-20190429-0205-e91.fits	58603.607951	1.070556
25	tfn0m414-kb25-20190429-0206-e91.fits	58603.610427	1.064921
26	tfn0m414-kb25-20190429-0207-e91.fits	58603.612915	1.075968
27	tfn0m414-kb25-20190429-0208-e91.fits	58603.615395	1.068493
28	tfn0m414-kb25-20190429-0209-e91.fits	58603.617866	1.073278
29	tfn0m414-kb25-20190429-0210-e91.fits	58603.620335	1.071761
30	tfn0m414-kb25-20190429-0211-e91.fits	58603.622805	1.071483
41	tfn0m414-kb25-20190528-0339-e91.fits	58632.512418	1.084992
42	tfn0m414-kb25-20190528-0340-e91.fits	58632.514978	1.076763
43	tfn0m414-kb25-20190528-0341-e91.fits	58632.517454	1.080620
44	tfn0m414-kb25-20190528-0342-e91.fits	58632.519929	1.076854
45	tfn0m414-kb25-20190528-0343-e91.fits	58632.522400	1.081250
46	tfn0m414-kb25-20190528-0344-e91.fits	58632.524875	1.075963
47	tfn0m414-kb25-20190528-0345-e91.fits	58632.527365	1.077905
48	tfn0m414-kb25-20190528-0346-e91.fits	58632.529841	1.081251
49	tfn0m414-kb25-20190528-0347-e91.fits	58632.532311	1.077065
50	tfn0m414-kb25-20190528-0348-e91.fits	58632.534803	1.083551
