#	Label	J.D.-2400000	rel_flux_T1_n
1	tfn0m414-kb81-20190902-0089-e91.fits	58729.382279	0.995769
2	tfn0m414-kb81-20190902-0090-e91.fits	58729.384752	1.003253
3	tfn0m414-kb81-20190902-0091-e91.fits	58729.387223	1.000170
4	tfn0m414-kb81-20190902-0092-e91.fits	58729.389698	0.996316
5	tfn0m414-kb81-20190902-0093-e91.fits	58729.392169	1.001104
6	tfn0m414-kb81-20190902-0094-e91.fits	58729.394643	1.001547
7	tfn0m414-kb81-20190902-0095-e91.fits	58729.397113	1.001977
8	tfn0m414-kb81-20190902-0096-e91.fits	58729.399584	0.996979
9	tfn0m414-kb81-20190902-0097-e91.fits	58729.402056	1.009289
10	tfn0m414-kb81-20190902-0098-e91.fits	58729.404532	1.004538
11	tfn0m414-kb81-20191001-0121-e91.fits	58758.433582	1.009752
12	tfn0m414-kb81-20191001-0122-e91.fits	58758.436121	1.000071
13	tfn0m414-kb81-20191001-0123-e91.fits	58758.438607	0.997092
14	tfn0m414-kb81-20191001-0124-e91.fits	58758.441079	0.997692
15	tfn0m414-kb81-20191001-0125-e91.fits	58758.443554	0.996057
16	tfn0m414-kb81-20191001-0126-e91.fits	58758.446024	0.997582
17	tfn0m414-kb81-20191001-0127-e91.fits	58758.448504	1.000110
18	tfn0m414-kb81-20191001-0128-e91.fits	58758.450990	1.009833
19	tfn0m414-kb81-20191001-0129-e91.fits	58758.453473	1.010208
20	tfn0m414-kb81-20191001-0130-e91.fits	58758.455942	1.006097
21	tfn0m414-kb81-20191011-0120-e91.fits	58768.379057	1.004150
22	tfn0m414-kb81-20191011-0121-e91.fits	58768.381526	0.990618
23	tfn0m414-kb81-20191011-0122-e91.fits	58768.384020	1.001582
24	tfn0m414-kb81-20191011-0123-e91.fits	58768.386487	0.995192
25	tfn0m414-kb81-20191011-0124-e91.fits	58768.388974	0.992197
26	tfn0m414-kb81-20191011-0125-e91.fits	58768.391445	0.996211
27	tfn0m414-kb81-20191011-0126-e91.fits	58768.393917	0.997557
28	tfn0m414-kb81-20191011-0127-e91.fits	58768.396386	0.992515
29	tfn0m414-kb81-20191011-0128-e91.fits	58768.398862	1.000604
30	tfn0m414-kb81-20191011-0129-e91.fits	58768.401330	0.992803
31	tfn0m414-kb81-20191015-0109-e91.fits	58772.364202	1.004179
32	tfn0m414-kb81-20191015-0110-e91.fits	58772.366673	0.989199
33	tfn0m414-kb81-20191015-0111-e91.fits	58772.369146	1.000978
34	tfn0m414-kb81-20191015-0112-e91.fits	58772.371626	0.999370
35	tfn0m414-kb81-20191015-0113-e91.fits	58772.374096	0.993581
36	tfn0m414-kb81-20191015-0114-e91.fits	58772.376566	0.999333
37	tfn0m414-kb81-20191015-0115-e91.fits	58772.379035	0.989973
38	tfn0m414-kb81-20191015-0116-e91.fits	58772.381534	0.998644
39	tfn0m414-kb81-20191015-0117-e91.fits	58772.384004	0.996831
40	tfn0m414-kb81-20191015-0118-e91.fits	58772.386486	0.995113
41	tfn0m414-kb81-20191018-0124-e91.fits	58775.450343	0.992798
42	tfn0m414-kb81-20191018-0125-e91.fits	58775.452816	0.990629
43	tfn0m414-kb81-20191018-0126-e91.fits	58775.455287	0.988779
44	tfn0m414-kb81-20191018-0127-e91.fits	58775.457792	0.984376
45	tfn0m414-kb81-20191018-0128-e91.fits	58775.460276	0.994247
46	tfn0m414-kb81-20191018-0129-e91.fits	58775.462750	0.997623
47	tfn0m414-kb81-20191018-0130-e91.fits	58775.465222	0.992160
48	tfn0m414-kb81-20191018-0131-e91.fits	58775.467694	0.998444
49	tfn0m414-kb81-20191018-0132-e91.fits	58775.470164	0.982980
50	tfn0m414-kb81-20191018-0133-e91.fits	58775.472633	1.005214
51	tfn0m414-kb81-20191021-0042-e91.fits	58778.320896	0.994901
52	tfn0m414-kb81-20191021-0043-e91.fits	58778.323368	1.003380
53	tfn0m414-kb81-20191021-0044-e91.fits	58778.325881	1.009896
54	tfn0m414-kb81-20191021-0045-e91.fits	58778.328348	1.020459
55	tfn0m414-kb81-20191021-0046-e91.fits	58778.330817	1.007666
56	tfn0m414-kb81-20191021-0047-e91.fits	58778.333288	1.010110
57	tfn0m414-kb81-20191021-0048-e91.fits	58778.335757	1.021968
58	tfn0m414-kb81-20191021-0049-e91.fits	58778.338225	1.001908
59	tfn0m414-kb81-20191021-0050-e91.fits	58778.340695	1.011179
60	tfn0m414-kb81-20191021-0051-e91.fits	58778.343165	1.019278
61	tfn0m414-kb81-20191023-0171-e91.fits	58780.431628	1.044217
62	tfn0m414-kb81-20191023-0172-e91.fits	58780.434145	1.022213
63	tfn0m414-kb81-20191023-0173-e91.fits	58780.436612	1.006358
64	tfn0m414-kb81-20191023-0174-e91.fits	58780.439082	1.004407
65	tfn0m414-kb81-20191023-0175-e91.fits	58780.441550	0.993526
66	tfn0m414-kb81-20191023-0176-e91.fits	58780.444058	0.997674
67	tfn0m414-kb81-20191023-0177-e91.fits	58780.446561	1.008707
68	tfn0m414-kb81-20191023-0178-e91.fits	58780.449033	1.001056
69	tfn0m414-kb81-20191023-0179-e91.fits	58780.451502	0.994698
70	tfn0m414-kb81-20191023-0180-e91.fits	58780.453971	1.000603
