#	Label	J.D.-2400000	rel_flux_T1_n	rel_flux_err_T1
1	tfn0m410-kb23-20190303-0398-e91.fits	58546.747222	1.011122	0.001245
2	tfn0m410-kb23-20190303-0399-e91.fits	58546.749706	1.004857	0.001109
3	tfn0m410-kb23-20190303-0400-e91.fits	58546.752188	0.997679	0.001081
4	tfn0m410-kb23-20190303-0401-e91.fits	58546.754705	1.001826	0.001078
5	tfn0m410-kb23-20190303-0402-e91.fits	58546.757194	1.001879	0.001082
6	tfn0m410-kb23-20190303-0403-e91.fits	58546.759678	1.000971	0.001091
7	tfn0m410-kb23-20190303-0404-e91.fits	58546.762157	1.008978	0.001082
8	tfn0m410-kb23-20190303-0405-e91.fits	58546.764650	1.008075	0.001084
9	tfn0m410-kb23-20190303-0406-e91.fits	58546.767134	1.008932	0.001062
10	tfn0m410-kb23-20190303-0407-e91.fits	58546.769620	1.003908	0.001058
11	tfn0m410-kb23-20190312-0243-e91.fits	58555.744361	1.007476	0.001100
12	tfn0m410-kb23-20190312-0244-e91.fits	58555.746869	0.999607	0.001086
13	tfn0m410-kb23-20190312-0245-e91.fits	58555.749350	0.998906	0.001085
14	tfn0m410-kb23-20190312-0246-e91.fits	58555.751838	1.006320	0.001076
15	tfn0m410-kb23-20190312-0247-e91.fits	58555.754320	1.001633	0.001089
16	tfn0m410-kb23-20190312-0248-e91.fits	58555.756806	1.000729	0.001080
17	tfn0m410-kb23-20190312-0249-e91.fits	58555.759287	1.000538	0.001063
18	tfn0m410-kb23-20190312-0250-e91.fits	58555.761769	0.999118	0.001072
19	tfn0m410-kb23-20190312-0251-e91.fits	58555.764251	0.998257	0.001063
20	tfn0m410-kb23-20190312-0252-e91.fits	58555.766735	0.988828	0.001096
21	tfn0m410-kb23-20190331-0117-e91.fits	58574.736634	1.000350	0.001138
22	tfn0m410-kb23-20190331-0118-e91.fits	58574.739118	0.999683	0.001112
23	tfn0m410-kb23-20190331-0119-e91.fits	58574.741603	0.998150	0.001113
24	tfn0m410-kb23-20190331-0120-e91.fits	58574.744083	1.001569	0.001129
25	tfn0m410-kb23-20190331-0121-e91.fits	58574.746566	0.997076	0.001126
26	tfn0m410-kb23-20190520-0422-e91.fits	58624.569897	0.996395	0.001129
27	tfn0m410-kb23-20190520-0423-e91.fits	58624.572388	0.994011	0.001137
28	tfn0m410-kb23-20190520-0424-e91.fits	58624.574884	0.991181	0.001125
29	tfn0m410-kb23-20190520-0425-e91.fits	58624.577374	1.001957	0.001135
30	tfn0m410-kb23-20190523-0156-e91.fits	58627.561742	0.998657	0.001196
31	tfn0m410-kb23-20190523-0157-e91.fits	58627.564230	1.005030	0.001212
32	tfn0m410-kb23-20190523-0158-e91.fits	58627.566719	1.006904	0.001183
33	tfn0m410-kb23-20190523-0159-e91.fits	58627.569211	1.006771	0.001207
34	tfn0m410-kb23-20190524-0178-e91.fits	58628.561578	0.987720	0.001143
35	tfn0m410-kb23-20190524-0179-e91.fits	58628.564067	0.999830	0.001131
36	tfn0m410-kb23-20190524-0180-e91.fits	58628.566546	1.004881	0.001130
37	tfn0m410-kb23-20190524-0181-e91.fits	58628.569032	1.002839	0.001141
38	tfn0m410-kb23-20190525-0196-e91.fits	58629.564996	1.000170	0.001066
39	tfn0m410-kb23-20190525-0197-e91.fits	58629.567479	0.999766	0.001114
40	tfn0m410-kb23-20190525-0198-e91.fits	58629.569974	0.997053	0.001079
41	tfn0m410-kb23-20190525-0199-e91.fits	58629.572459	1.002063	0.001077
42	tfn0m410-kb23-20190528-0190-e91.fits	58632.543412	0.985240	0.001036
43	tfn0m410-kb23-20190528-0191-e91.fits	58632.545892	0.991786	0.001040
44	tfn0m410-kb23-20190528-0192-e91.fits	58632.548377	0.993953	0.001043
45	tfn0m410-kb23-20190528-0193-e91.fits	58632.550862	0.993805	0.001042
46	tfn0m410-kb23-20190604-0161-e91.fits	58639.552035	1.000469	0.001336
47	tfn0m410-kb23-20190604-0162-e91.fits	58639.554518	0.998539	0.001097
48	tfn0m410-kb23-20190604-0163-e91.fits	58639.557002	1.010894	0.001093
49	tfn0m410-kb23-20190604-0164-e91.fits	58639.559483	1.000709	0.001082
50	tfn0m410-kb23-20190604-0165-e91.fits	58639.561966	1.007799	0.001064
51	tfn0m410-kb23-20190604-0166-e91.fits	58639.564449	1.009333	0.001072
52	tfn0m410-kb23-20190604-0167-e91.fits	58639.566932	1.009243	0.001151
53	tfn0m410-kb23-20190604-0168-e91.fits	58639.569416	1.003535	0.001092
54	tfn0m410-kb23-20190604-0169-e91.fits	58639.571900	0.995799	0.001066
55	tfn0m410-kb23-20190604-0170-e91.fits	58639.574398	0.999795	0.001069
56	tfn0m410-kb23-20190624-0089-e91.fits	58659.438758	0.988895	0.001601
57	tfn0m410-kb23-20190624-0090-e91.fits	58659.441242	0.992000	0.001510
58	tfn0m410-kb23-20190624-0091-e91.fits	58659.443726	0.992841	0.001426
59	tfn0m410-kb23-20190624-0092-e91.fits	58659.446209	0.989626	0.001379
60	tfn0m410-kb23-20190624-0093-e91.fits	58659.448689	1.000259	0.001389
61	tfn0m410-kb23-20190624-0094-e91.fits	58659.451171	0.996272	0.001338
62	tfn0m410-kb23-20190624-0095-e91.fits	58659.453652	0.993607	0.001433
63	tfn0m410-kb23-20190624-0096-e91.fits	58659.456134	0.999189	0.001369
64	tfn0m410-kb23-20190624-0097-e91.fits	58659.458620	0.992979	0.001410
65	tfn0m410-kb23-20190624-0098-e91.fits	58659.461103	0.992470	0.001365
