#	Label	J.D.-2400000	rel_flux_T1_n	rel_flux_err_T1
1	elp0m411-kb92-20200828-0080-e91.fits	59090.631660	1.015295	0.000399
2	elp0m411-kb92-20200828-0081-e91.fits	59090.632337	1.012439	0.000397
3	elp0m411-kb92-20200828-0082-e91.fits	59090.633014	1.012288	0.000399
4	elp0m411-kb92-20200828-0083-e91.fits	59090.633707	1.010578	0.000400
5	elp0m411-kb92-20200828-0084-e91.fits	59090.634389	1.001497	0.000401
6	elp0m411-kb92-20200828-0085-e91.fits	59090.635065	1.015025	0.000397
7	elp0m411-kb92-20200828-0086-e91.fits	59090.635742	1.003567	0.000396
8	elp0m411-kb92-20200828-0087-e91.fits	59090.636418	1.009012	0.000398
9	elp0m411-kb92-20200828-0088-e91.fits	59090.637094	1.007559	0.000395
10	elp0m411-kb92-20200828-0089-e91.fits	59090.637771	1.008558	0.000398
11	elp0m411-kb92-20201003-0119-e91.fits	59126.618811	0.999267	0.000403
12	elp0m411-kb92-20201003-0120-e91.fits	59126.619488	1.002415	0.000401
13	elp0m411-kb92-20201003-0121-e91.fits	59126.620164	1.006212	0.000404
14	elp0m411-kb92-20201003-0123-e91.fits	59126.621517	0.999362	0.000406
15	elp0m411-kb92-20201003-0160-e91.fits	59126.676635	0.996717	0.000415
16	elp0m411-kb92-20201003-0161-e91.fits	59126.677313	1.006639	0.000415
17	elp0m411-kb92-20201003-0162-e91.fits	59126.677989	0.998804	0.000414
18	elp0m411-kb92-20201003-0163-e91.fits	59126.678665	1.005512	0.000406
19	elp0m411-kb92-20201003-0164-e91.fits	59126.679342	1.006691	0.000413
20	elp0m411-kb92-20201003-0227-e91.fits	59126.773905	1.003447	0.000437
21	elp0m411-kb92-20201003-0228-e91.fits	59126.774581	0.992933	0.000438
22	elp0m411-kb92-20201003-0229-e91.fits	59126.775258	1.003686	0.000425
23	elp0m411-kb92-20201003-0230-e91.fits	59126.775934	1.007727	0.000428
24	elp0m411-kb92-20201003-0231-e91.fits	59126.776610	1.002275	0.000435
25	elp0m411-kb92-20201005-0065-e91.fits	59128.578006	0.994333	0.000415
26	elp0m411-kb92-20201005-0066-e91.fits	59128.578684	0.983409	0.000408
27	elp0m411-kb92-20201005-0067-e91.fits	59128.579359	0.996087	0.000407
28	elp0m411-kb92-20201005-0069-e91.fits	59128.580712	0.994905	0.000412
29	elp0m411-kb92-20201006-0113-e91.fits	59129.611066	0.993232	0.000414
30	elp0m411-kb92-20201006-0114-e91.fits	59129.611743	0.994514	0.000416
31	elp0m411-kb92-20201006-0115-e91.fits	59129.612420	0.992595	0.000414
32	elp0m411-kb92-20201006-0116-e91.fits	59129.613103	0.981813	0.000418
33	elp0m411-kb92-20201006-0117-e91.fits	59129.613780	0.990714	0.000424
34	elp0m411-kb92-20201010-0146-e91.fits	59133.716996	1.007177	0.000392
35	elp0m411-kb92-20201010-0147-e91.fits	59133.717676	0.996691	0.000392
36	elp0m411-kb92-20201010-0148-e91.fits	59133.718353	1.001332	0.000394
37	elp0m411-kb92-20201010-0149-e91.fits	59133.719042	1.006639	0.000400
38	elp0m411-kb92-20201010-0150-e91.fits	59133.719718	1.005339	0.000392
39	elp0m411-kb92-20201011-0130-e91.fits	59134.686239	0.986795	0.000425
40	elp0m411-kb92-20201011-0131-e91.fits	59134.686915	0.990259	0.000426
41	elp0m411-kb92-20201011-0132-e91.fits	59134.687591	0.990743	0.000422
42	elp0m411-kb92-20201011-0133-e91.fits	59134.688269	1.002830	0.000418
43	elp0m411-kb92-20201011-0134-e91.fits	59134.688958	0.996657	0.000418
44	elp0m411-kb92-20201012-0114-e91.fits	59135.686299	0.991840	0.000846
45	elp0m411-kb92-20201012-0115-e91.fits	59135.686975	0.994073	0.000656
46	elp0m411-kb92-20201012-0116-e91.fits	59135.687652	0.988549	0.000580
47	elp0m411-kb92-20201012-0117-e91.fits	59135.688327	0.998574	0.000529
48	elp0m411-kb92-20201012-0118-e91.fits	59135.689003	1.007140	0.000550
49	elp0m411-kb92-20201013-0129-e91.fits	59136.686221	1.012904	0.000402
50	elp0m411-kb92-20201013-0130-e91.fits	59136.686897	1.010933	0.000400
51	elp0m411-kb92-20201013-0131-e91.fits	59136.687575	1.008184	0.000401
52	elp0m411-kb92-20201013-0132-e91.fits	59136.688259	1.017972	0.000400
53	elp0m411-kb92-20201013-0133-e91.fits	59136.688935	1.020039	0.000401
54	elp0m411-kb92-20201014-0111-e91.fits	59137.686375	0.984941	0.000617
55	elp0m411-kb92-20201014-0112-e91.fits	59137.687107	0.989098	0.000509
56	elp0m411-kb92-20201014-0113-e91.fits	59137.687786	0.993263	0.000461
57	elp0m411-kb92-20201014-0114-e91.fits	59137.688463	0.991404	0.000448
58	elp0m411-kb92-20201014-0115-e91.fits	59137.689154	0.996478	0.000435
59	elp0m411-kb92-20201016-0099-e91.fits	59139.614395	1.001946	0.000391
60	elp0m411-kb92-20201016-0100-e91.fits	59139.615085	1.000872	0.000385
61	elp0m411-kb92-20201016-0101-e91.fits	59139.615761	1.001257	0.000385
62	elp0m411-kb92-20201016-0102-e91.fits	59139.616437	0.999857	0.000385
63	elp0m411-kb92-20201016-0103-e91.fits	59139.617114	1.006154	0.000386
64	elp0m411-kb92-20201017-0168-e91.fits	59140.728769	1.009551	0.000434
65	elp0m411-kb92-20201017-0169-e91.fits	59140.729445	1.001976	0.000432
66	elp0m411-kb92-20201017-0170-e91.fits	59140.730122	0.999918	0.000429
67	elp0m411-kb92-20201017-0171-e91.fits	59140.730799	1.005924	0.000432
68	elp0m411-kb92-20201017-0172-e91.fits	59140.731475	1.005042	0.000427
69	elp0m411-kb92-20201022-0152-e91.fits	59145.700957	1.013994	0.000441
70	elp0m411-kb92-20201022-0154-e91.fits	59145.702311	1.008659	0.000437
71	elp0m411-kb92-20201022-0155-e91.fits	59145.702989	1.016456	0.000438
72	elp0m411-kb92-20201022-0156-e91.fits	59145.703676	1.019916	0.000439
73	elp0m411-kb92-20201024-0114-e91.fits	59147.630706	0.997028	0.000625
74	elp0m411-kb92-20201024-0115-e91.fits	59147.631382	1.000938	0.000659
75	elp0m411-kb92-20201024-0116-e91.fits	59147.632070	0.994521	0.000622
76	elp0m411-kb92-20201024-0117-e91.fits	59147.632747	0.991109	0.000605
77	elp0m411-kb92-20201024-0118-e91.fits	59147.633433	1.000545	0.000572
78	elp0m411-kb92-20201104-0142-e91.fits	59158.672533	0.997017	0.000409
79	elp0m411-kb92-20201104-0143-e91.fits	59158.673211	0.988757	0.000407
80	elp0m411-kb92-20201104-0144-e91.fits	59158.673893	0.991793	0.000410
81	elp0m411-kb92-20201104-0145-e91.fits	59158.674569	0.991343	0.000408
82	elp0m411-kb92-20201104-0146-e91.fits	59158.675245	0.999716	0.000412
83	elp0m411-kb92-20201105-0125-e91.fits	59159.642418	1.012288	0.000396
84	elp0m411-kb92-20201105-0126-e91.fits	59159.643097	1.008504	0.000396
85	elp0m411-kb92-20201105-0127-e91.fits	59159.643774	1.011484	0.000395
86	elp0m411-kb92-20201105-0128-e91.fits	59159.644450	1.001875	0.000392
87	elp0m411-kb92-20201105-0129-e91.fits	59159.645133	1.012224	0.000393
88	elp0m411-kb92-20201108-0125-e91.fits	59162.647457	0.994916	0.000540
89	elp0m411-kb92-20201108-0126-e91.fits	59162.648138	0.985963	0.000590
90	elp0m411-kb92-20201108-0127-e91.fits	59162.648817	0.984888	0.000528
91	elp0m411-kb92-20201108-0128-e91.fits	59162.649497	0.969811	0.000598
92	elp0m411-kb92-20201108-0129-e91.fits	59162.650174	0.984198	0.000615
93	elp0m411-kb92-20201111-0119-e91.fits	59165.620197	1.006343	0.000408
94	elp0m411-kb92-20201111-0120-e91.fits	59165.620873	0.993504	0.000407
95	elp0m411-kb92-20201111-0121-e91.fits	59165.621549	1.003562	0.000405
96	elp0m411-kb92-20201111-0122-e91.fits	59165.622226	0.999380	0.000408
97	elp0m411-kb92-20201111-0123-e91.fits	59165.622902	0.993287	0.000406
98	elp0m411-kb92-20201114-0121-e91.fits	59168.655065	1.009907	0.000453
99	elp0m411-kb92-20201114-0122-e91.fits	59168.655759	1.007354	0.000455
100	elp0m411-kb92-20201114-0123-e91.fits	59168.656434	1.006995	0.000471
101	elp0m411-kb92-20201114-0124-e91.fits	59168.657147	1.015367	0.000479
102	elp0m411-kb92-20201114-0125-e91.fits	59168.657830	1.004397	0.000479
103	elp0m411-kb92-20201118-0107-e91.fits	59172.606389	0.978075	0.000458
104	elp0m411-kb92-20201118-0108-e91.fits	59172.607065	0.988542	0.000474
105	elp0m411-kb92-20201118-0109-e91.fits	59172.607741	0.984821	0.000456
106	elp0m411-kb92-20201118-0110-e91.fits	59172.608416	0.983205	0.000474
107	elp0m411-kb92-20201118-0111-e91.fits	59172.609092	0.977366	0.000495
108	elp0m411-kb92-20201127-0082-e91.fits	59181.565637	0.994587	0.000506
109	elp0m411-kb92-20201127-0083-e91.fits	59181.566315	0.995146	0.000529
110	elp0m411-kb92-20201127-0084-e91.fits	59181.567017	0.998497	0.000515
111	elp0m411-kb92-20201127-0085-e91.fits	59181.567694	0.999631	0.000522
112	elp0m411-kb92-20201127-0086-e91.fits	59181.568371	1.006558	0.000513
113	elp0m411-kb92-20201201-0130-e91.fits	59185.597039	0.999921	0.000480
114	elp0m411-kb92-20201201-0131-e91.fits	59185.597732	0.989235	0.000465
115	elp0m411-kb92-20201201-0132-e91.fits	59185.598408	0.986540	0.000471
116	elp0m411-kb92-20201201-0133-e91.fits	59185.599090	0.994878	0.000463
117	elp0m411-kb92-20201201-0134-e91.fits	59185.599768	0.993446	0.000458
118	elp0m411-kb92-20210307-0205-e91.fits	59281.976975	1.001032	0.000563
119	elp0m411-kb92-20210307-0206-e91.fits	59281.977652	1.000932	0.000575
120	elp0m411-kb92-20210307-0207-e91.fits	59281.978329	1.003908	0.000552
121	elp0m411-kb92-20210307-0208-e91.fits	59281.979005	1.001600	0.000555
122	elp0m411-kb92-20210307-0209-e91.fits	59281.979680	0.997616	0.000594
123	elp0m411-kb92-20210330-0188-e91.fits	59304.925838	0.990444	0.000747
124	elp0m411-kb92-20210330-0189-e91.fits	59304.926514	0.990452	0.000687
125	elp0m411-kb92-20210330-0190-e91.fits	59304.927190	1.007146	0.000704
126	elp0m411-kb92-20210330-0191-e91.fits	59304.927865	1.007093	0.000702
127	elp0m411-kb92-20210330-0192-e91.fits	59304.928542	0.992929	0.000701
128	elp0m411-kb92-20210405-0323-e91.fits	59310.916896	1.001748	0.000556
129	elp0m411-kb92-20210405-0324-e91.fits	59310.917572	0.987496	0.000568
130	elp0m411-kb92-20210405-0325-e91.fits	59310.918248	0.989016	0.000585
131	elp0m411-kb92-20210405-0326-e91.fits	59310.918923	0.990955	0.000586
132	elp0m411-kb92-20210405-0327-e91.fits	59310.919599	0.997937	0.000608
133	elp0m411-kb92-20210504-0203-e91.fits	59339.955293	0.995884	0.000603
134	elp0m411-kb92-20210504-0204-e91.fits	59339.955968	1.000402	0.000567
135	elp0m411-kb92-20210504-0205-e91.fits	59339.956644	0.986338	0.000622
136	elp0m411-kb92-20210504-0206-e91.fits	59339.957327	0.992104	0.000581
137	elp0m411-kb92-20210504-0207-e91.fits	59339.958003	1.002462	0.000553
138	elp0m411-kb92-20210504-0208-e91.fits	59339.958687	0.986877	0.000551
139	elp0m411-kb92-20210504-0209-e91.fits	59339.959364	1.002696	0.000558
140	elp0m411-kb92-20210504-0210-e91.fits	59339.960040	0.999995	0.000570
141	elp0m411-kb92-20210504-0211-e91.fits	59339.960716	1.003371	0.000561
142	elp0m411-kb92-20210504-0212-e91.fits	59339.961392	1.002641	0.000553
143	elp0m411-kb92-20210519-0171-e91.fits	59354.927541	1.016411	0.000530
144	elp0m411-kb92-20210519-0172-e91.fits	59354.928219	1.007271	0.000528
145	elp0m411-kb92-20210519-0173-e91.fits	59354.928895	1.004084	0.000534
146	elp0m411-kb92-20210519-0174-e91.fits	59354.929570	1.016029	0.000526
147	elp0m411-kb92-20210519-0175-e91.fits	59354.930247	1.004895	0.000526
148	elp0m411-kb92-20210519-0176-e91.fits	59354.930924	1.004822	0.000536
149	elp0m411-kb92-20210519-0177-e91.fits	59354.931601	1.003911	0.000531
150	elp0m411-kb92-20210519-0178-e91.fits	59354.932277	0.996299	0.000555
151	elp0m411-kb92-20210519-0179-e91.fits	59354.932953	1.007345	0.000532
152	elp0m411-kb92-20210519-0180-e91.fits	59354.933630	1.001782	0.000526
153	elp0m411-kb92-20210613-0159-e91.fits	59379.854543	0.985634	0.000511
154	elp0m411-kb92-20210613-0160-e91.fits	59379.855220	0.981102	0.000512
155	elp0m411-kb92-20210613-0161-e91.fits	59379.855896	0.984060	0.000509
156	elp0m411-kb92-20210613-0162-e91.fits	59379.856579	0.986745	0.000508
157	elp0m411-kb92-20210613-0163-e91.fits	59379.857254	0.985527	0.000510
158	elp0m411-kb92-20210613-0164-e91.fits	59379.857930	0.979931	0.000506
159	elp0m411-kb92-20210613-0165-e91.fits	59379.858606	0.987748	0.000507
160	elp0m411-kb92-20210613-0166-e91.fits	59379.859282	0.988192	0.000508
161	elp0m411-kb92-20210613-0167-e91.fits	59379.859958	0.992122	0.000505
162	elp0m411-kb92-20210613-0168-e91.fits	59379.860636	0.981850	0.000500
163	elp0m411-kb92-20210615-0187-e91.fits	59381.855090	1.000949	0.000497
164	elp0m411-kb92-20210615-0188-e91.fits	59381.855766	1.008054	0.000503
165	elp0m411-kb92-20210615-0189-e91.fits	59381.856443	1.012151	0.000497
166	elp0m411-kb92-20210615-0190-e91.fits	59381.857120	1.002668	0.000496
167	elp0m411-kb92-20210615-0191-e91.fits	59381.857800	1.006596	0.000496
