#	Label	J.D.-2400000	rel_flux_T1_n	rel_flux_err_T1
1	ogg0m404-kb82-20190321-0257-e91.fits	58565.118287	1.020877	0.000386
2	ogg0m404-kb82-20190321-0258-e91.fits	58565.119021	1.008733	0.000391
3	ogg0m404-kb82-20190321-0259-e91.fits	58565.119751	1.008905	0.000390
4	ogg0m404-kb82-20190321-0260-e91.fits	58565.120483	1.009432	0.000391
5	ogg0m404-kb82-20190321-0261-e91.fits	58565.121240	1.003492	0.000376
6	ogg0m404-kb82-20190321-0262-e91.fits	58565.121971	1.005180	0.000379
7	ogg0m404-kb82-20190321-0263-e91.fits	58565.122702	1.003388	0.000366
8	ogg0m404-kb82-20190321-0264-e91.fits	58565.123433	0.997353	0.000367
9	ogg0m404-kb82-20190321-0265-e91.fits	58565.124162	1.003659	0.000367
10	ogg0m404-kb82-20190321-0266-e91.fits	58565.124893	1.002107	0.000370
11	ogg0m404-kb82-20190413-0168-e91.fits	58588.128957	1.000477	0.000348
12	ogg0m404-kb82-20190413-0169-e91.fits	58588.129688	1.008188	0.000342
13	ogg0m404-kb82-20190413-0170-e91.fits	58588.130417	0.996775	0.000346
14	ogg0m404-kb82-20190413-0171-e91.fits	58588.131150	0.998244	0.000347
15	ogg0m404-kb82-20190413-0172-e91.fits	58588.131881	1.004121	0.000343
16	ogg0m404-kb82-20190413-0173-e91.fits	58588.132615	1.002423	0.000342
17	ogg0m404-kb82-20190413-0174-e91.fits	58588.133346	1.009529	0.000344
18	ogg0m404-kb82-20190413-0175-e91.fits	58588.134078	1.008260	0.000345
19	ogg0m404-kb82-20190413-0176-e91.fits	58588.134843	1.004979	0.000346
20	ogg0m404-kb82-20190413-0177-e91.fits	58588.135581	1.004955	0.000345
21	ogg0m404-kb82-20200306-0189-e91.fits	58916.123633	0.975162	0.000829
22	ogg0m404-kb82-20200306-0190-e91.fits	58916.124387	0.967607	0.001027
23	ogg0m404-kb82-20200306-0191-e91.fits	58916.125133	0.978337	0.000989
24	ogg0m404-kb82-20200306-0192-e91.fits	58916.125916	0.980770	0.001111
25	ogg0m404-kb82-20200306-0193-e91.fits	58916.126665	0.973966	0.000994
26	ogg0m404-kb82-20200306-0194-e91.fits	58916.127411	0.968046	0.001085
27	ogg0m404-kb82-20200306-0195-e91.fits	58916.128168	0.951542	0.000906
28	ogg0m404-kb82-20200306-0196-e91.fits	58916.128917	0.964970	0.000784
29	ogg0m404-kb82-20200306-0197-e91.fits	58916.129665	0.964378	0.000693
30	ogg0m404-kb82-20200410-0156-e91.fits	58951.074311	0.991006	0.000462
31	ogg0m404-kb82-20200410-0157-e91.fits	58951.075048	1.001389	0.000438
32	ogg0m404-kb82-20200410-0158-e91.fits	58951.075784	0.988427	0.000453
33	ogg0m404-kb82-20200410-0159-e91.fits	58951.076518	0.992284	0.000438
34	ogg0m404-kb82-20200410-0160-e91.fits	58951.077254	0.998943	0.000423
35	ogg0m404-kb82-20200410-0161-e91.fits	58951.077991	1.007186	0.000518
36	ogg0m404-kb82-20200410-0162-e91.fits	58951.078726	1.003050	0.000488
37	ogg0m404-kb82-20200410-0163-e91.fits	58951.079470	0.994614	0.000495
38	ogg0m404-kb82-20200410-0164-e91.fits	58951.080212	1.004050	0.000454
39	ogg0m404-kb82-20200410-0165-e91.fits	58951.080967	0.996160	0.000571
40	ogg0m404-kb82-20200416-0234-e91.fits	58957.051253	0.990856	0.000400
41	ogg0m404-kb82-20200416-0235-e91.fits	58957.051988	0.983888	0.000396
42	ogg0m404-kb82-20200416-0236-e91.fits	58957.052723	0.997885	0.000396
43	ogg0m404-kb82-20200416-0237-e91.fits	58957.053457	0.995945	0.000391
44	ogg0m404-kb82-20200416-0238-e91.fits	58957.054190	0.992092	0.000383
45	ogg0m404-kb82-20200416-0239-e91.fits	58957.054922	0.994335	0.000389
46	ogg0m404-kb82-20200416-0240-e91.fits	58957.055657	0.991637	0.000385
47	ogg0m404-kb82-20200416-0241-e91.fits	58957.056389	0.989967	0.000389
48	ogg0m404-kb82-20200416-0242-e91.fits	58957.057122	1.001154	0.000387
49	ogg0m404-kb82-20200416-0243-e91.fits	58957.057855	0.991307	0.000387
50	ogg0m404-kb82-20201019-0059-e91.fits	59142.729581	1.007771	0.000334
51	ogg0m404-kb82-20201019-0060-e91.fits	59142.730315	1.009269	0.000332
52	ogg0m404-kb82-20201019-0061-e91.fits	59142.731048	1.013676	0.000334
53	ogg0m404-kb82-20201019-0062-e91.fits	59142.731781	1.013929	0.000334
54	ogg0m404-kb82-20201019-0063-e91.fits	59142.732515	1.015116	0.000336
55	ogg0m404-kb82-20201019-0082-e91.fits	59142.776205	0.989875	0.000341
56	ogg0m404-kb82-20201019-0083-e91.fits	59142.776939	0.990296	0.000339
57	ogg0m404-kb82-20201019-0084-e91.fits	59142.777677	0.994883	0.000340
58	ogg0m404-kb82-20201019-0085-e91.fits	59142.778410	1.005582	0.000342
59	ogg0m404-kb82-20201019-0086-e91.fits	59142.779142	0.995265	0.000341
60	ogg0m404-kb82-20201021-0073-e91.fits	59144.715235	1.011801	0.000357
61	ogg0m404-kb82-20201021-0074-e91.fits	59144.715969	1.005807	0.000353
62	ogg0m404-kb82-20201021-0075-e91.fits	59144.716708	1.009949	0.000354
63	ogg0m404-kb82-20201021-0076-e91.fits	59144.717440	1.006328	0.000351
64	ogg0m404-kb82-20201021-0077-e91.fits	59144.718182	1.010538	0.000353
65	ogg0m404-kb82-20201023-0089-e91.fits	59146.729306	0.999530	0.000345
66	ogg0m404-kb82-20201023-0090-e91.fits	59146.730039	0.996706	0.000340
67	ogg0m404-kb82-20201023-0091-e91.fits	59146.730773	0.999826	0.000340
68	ogg0m404-kb82-20201023-0092-e91.fits	59146.731505	0.999805	0.000340
69	ogg0m404-kb82-20201023-0093-e91.fits	59146.732239	0.998080	0.000340
70	ogg0m404-kb82-20201109-0118-e91.fits	59163.795349	0.992599	0.000414
71	ogg0m404-kb82-20201109-0119-e91.fits	59163.796082	0.981615	0.000384
72	ogg0m404-kb82-20201109-0120-e91.fits	59163.796815	1.000489	0.000386
73	ogg0m404-kb82-20201109-0121-e91.fits	59163.797550	0.987535	0.000387
74	ogg0m404-kb82-20201109-0122-e91.fits	59163.798284	0.991427	0.000385
75	ogg0m404-kb82-20201202-0082-e91.fits	59186.724440	0.993485	0.000354
76	ogg0m404-kb82-20201202-0083-e91.fits	59186.725175	0.987962	0.000354
77	ogg0m404-kb82-20201202-0084-e91.fits	59186.725908	0.992670	0.000352
78	ogg0m404-kb82-20201202-0085-e91.fits	59186.726643	0.995331	0.000354
79	ogg0m404-kb82-20201202-0086-e91.fits	59186.727377	0.991996	0.000358
80	ogg0m404-kb82-20210321-0163-e91.fits	59296.121268	1.005889	0.000400
81	ogg0m404-kb82-20210321-0164-e91.fits	59296.122001	1.006056	0.000412
82	ogg0m404-kb82-20210321-0165-e91.fits	59296.122734	1.008253	0.000412
83	ogg0m404-kb82-20210321-0166-e91.fits	59296.123469	1.007162	0.000404
84	ogg0m404-kb82-20210321-0167-e91.fits	59296.124217	0.999163	0.000400
