#	Label	J.D.-2400000	rel_flux_T1_n
1	ogg0m406-kb27-20190329-0279-e91.fits	58573.125943	0.999033
2	ogg0m406-kb27-20190329-0280-e91.fits	58573.126673	1.003372
3	ogg0m406-kb27-20190329-0281-e91.fits	58573.127406	1.003617
4	ogg0m406-kb27-20190329-0282-e91.fits	58573.128138	1.001705
5	ogg0m406-kb27-20190329-0283-e91.fits	58573.128866	0.998767
6	ogg0m406-kb27-20190329-0284-e91.fits	58573.129597	1.000664
7	ogg0m406-kb27-20190329-0285-e91.fits	58573.130328	1.004871
8	ogg0m406-kb27-20190329-0286-e91.fits	58573.131061	1.003103
9	ogg0m406-kb27-20190329-0287-e91.fits	58573.131790	0.995931
10	ogg0m406-kb27-20190329-0288-e91.fits	58573.132519	1.004265
11	ogg0m406-kb27-20190402-0238-e91.fits	58577.135908	0.992372
12	ogg0m406-kb27-20190402-0239-e91.fits	58577.136640	0.997193
13	ogg0m406-kb27-20190402-0240-e91.fits	58577.137369	0.997918
14	ogg0m406-kb27-20190402-0241-e91.fits	58577.138099	0.994441
15	ogg0m406-kb27-20190402-0242-e91.fits	58577.138835	0.993926
16	ogg0m406-kb27-20190402-0243-e91.fits	58577.139565	0.998579
17	ogg0m406-kb27-20190402-0244-e91.fits	58577.140297	0.998984
18	ogg0m406-kb27-20190402-0245-e91.fits	58577.141054	1.000984
19	ogg0m406-kb27-20190402-0246-e91.fits	58577.141787	1.000432
20	ogg0m406-kb27-20190402-0247-e91.fits	58577.142519	0.997982
31	ogg0m406-kb27-20190630-0293-e91.fits	58666.053931	0.991041
32	ogg0m406-kb27-20190630-0294-e91.fits	58666.054672	0.999580
33	ogg0m406-kb27-20190630-0295-e91.fits	58666.055403	0.996430
34	ogg0m406-kb27-20190630-0296-e91.fits	58666.056132	0.999391
35	ogg0m406-kb27-20190630-0297-e91.fits	58666.056892	1.008894
36	ogg0m406-kb27-20190630-0298-e91.fits	58666.057623	1.009637
37	ogg0m406-kb27-20190630-0299-e91.fits	58666.058352	1.002849
38	ogg0m406-kb27-20190630-0300-e91.fits	58666.059082	1.001776
39	ogg0m406-kb27-20190630-0301-e91.fits	58666.059828	0.999034
40	ogg0m406-kb27-20190630-0302-e91.fits	58666.060557	1.000594
41	ogg0m406-kb27-20190714-0279-e91.fits	58680.073379	1.002697
42	ogg0m406-kb27-20190714-0280-e91.fits	58680.074128	1.006234
43	ogg0m406-kb27-20190714-0281-e91.fits	58680.074859	1.007763
44	ogg0m406-kb27-20190714-0282-e91.fits	58680.075590	1.006836
45	ogg0m406-kb27-20190714-0283-e91.fits	58680.076322	1.011492
46	ogg0m406-kb27-20190714-0284-e91.fits	58680.077053	1.009172
47	ogg0m406-kb27-20190714-0285-e91.fits	58680.077783	1.002882
48	ogg0m406-kb27-20190714-0286-e91.fits	58680.078515	1.000135
49	ogg0m406-kb27-20190714-0287-e91.fits	58680.079245	0.991755
50	ogg0m406-kb27-20190714-0288-e91.fits	58680.079977	1.002843
51	ogg0m406-kb27-20190714-0289-e91.fits	58680.084125	1.013071
52	ogg0m406-kb27-20190714-0290-e91.fits	58680.084855	1.004367
53	ogg0m406-kb27-20190714-0291-e91.fits	58680.085587	1.002795
54	ogg0m406-kb27-20190714-0292-e91.fits	58680.086318	1.013108
55	ogg0m406-kb27-20190714-0293-e91.fits	58680.087056	1.009929
56	ogg0m406-kb27-20190714-0294-e91.fits	58680.087789	1.014526
57	ogg0m406-kb27-20190714-0295-e91.fits	58680.088520	1.004394
58	ogg0m406-kb27-20190714-0296-e91.fits	58680.089250	0.997077
59	ogg0m406-kb27-20190714-0297-e91.fits	58680.090014	0.993094
60	ogg0m406-kb27-20190714-0298-e91.fits	58680.090747	1.011046
61	ogg0m406-kb27-20190729-0040-e91.fits	58694.901977	0.993636
62	ogg0m406-kb27-20190729-0041-e91.fits	58694.902708	0.988008
63	ogg0m406-kb27-20190729-0042-e91.fits	58694.903439	0.985972
64	ogg0m406-kb27-20190729-0043-e91.fits	58694.904195	0.989578
65	ogg0m406-kb27-20190729-0044-e91.fits	58694.904925	1.001247
66	ogg0m406-kb27-20190729-0045-e91.fits	58694.905655	0.992197
67	ogg0m406-kb27-20190729-0046-e91.fits	58694.906384	0.994800
68	ogg0m406-kb27-20190729-0047-e91.fits	58694.907141	1.008199
69	ogg0m406-kb27-20190729-0048-e91.fits	58694.907869	1.008012
70	ogg0m406-kb27-20190729-0049-e91.fits	58694.908598	1.004748
71	ogg0m406-kb27-20190804-0073-e91.fits	58700.753954	1.000304
72	ogg0m406-kb27-20190804-0074-e91.fits	58700.754686	1.008120
73	ogg0m406-kb27-20190804-0075-e91.fits	58700.755415	0.999835
74	ogg0m406-kb27-20190804-0076-e91.fits	58700.756146	0.994131
75	ogg0m406-kb27-20190804-0077-e91.fits	58700.756876	0.996020
76	ogg0m406-kb27-20190804-0078-e91.fits	58700.757607	0.999941
77	ogg0m406-kb27-20190804-0079-e91.fits	58700.758377	0.996542
78	ogg0m406-kb27-20190804-0080-e91.fits	58700.759114	0.997505
79	ogg0m406-kb27-20190804-0081-e91.fits	58700.759846	0.996903
80	ogg0m406-kb27-20190804-0082-e91.fits	58700.760575	0.992417
81	ogg0m406-kb27-20190811-0330-e91.fits	58707.972680	0.994652
82	ogg0m406-kb27-20190811-0331-e91.fits	58707.973416	1.002308
83	ogg0m406-kb27-20190811-0332-e91.fits	58707.974146	0.995845
84	ogg0m406-kb27-20190811-0333-e91.fits	58707.974874	0.995291
85	ogg0m406-kb27-20190811-0334-e91.fits	58707.975607	0.987698
86	ogg0m406-kb27-20190811-0335-e91.fits	58707.976337	0.985703
87	ogg0m406-kb27-20190811-0336-e91.fits	58707.977067	0.991400
88	ogg0m406-kb27-20190811-0337-e91.fits	58707.977797	0.974396
89	ogg0m406-kb27-20190811-0338-e91.fits	58707.978526	0.996683
90	ogg0m406-kb27-20190811-0339-e91.fits	58707.979262	1.003659
