#	Label	J.D.-2400000	rel_flux_T1_n	rel_flux_err_T1
1	tfn0m410-kb23-20190304-0319-e91.fits	58547.759531	1.002295	0.000562
2	tfn0m410-kb23-20190304-0320-e91.fits	58547.760276	0.997489	0.000555
3	tfn0m410-kb23-20190304-0321-e91.fits	58547.761022	1.006564	0.000539
4	tfn0m410-kb23-20190304-0322-e91.fits	58547.761767	1.003145	0.000551
5	tfn0m410-kb23-20190304-0323-e91.fits	58547.762512	1.003227	0.000579
6	tfn0m410-kb23-20190304-0324-e91.fits	58547.763264	1.001140	0.000589
7	tfn0m410-kb23-20190304-0325-e91.fits	58547.764018	1.003306	0.000544
8	tfn0m410-kb23-20190304-0326-e91.fits	58547.764762	1.002210	0.000553
9	tfn0m410-kb23-20190304-0327-e91.fits	58547.765508	0.994003	0.000546
10	tfn0m410-kb23-20190304-0328-e91.fits	58547.766254	1.005228	0.000540
11	tfn0m410-kb23-20190408-0188-e91.fits	58582.653633	0.997723	0.000550
12	tfn0m410-kb23-20190408-0189-e91.fits	58582.654379	1.000082	0.000529
13	tfn0m410-kb23-20190408-0190-e91.fits	58582.655130	1.000935	0.000516
14	tfn0m410-kb23-20190408-0191-e91.fits	58582.655874	0.998119	0.000513
15	tfn0m410-kb23-20190408-0192-e91.fits	58582.656618	0.989020	0.000508
16	tfn0m410-kb23-20190408-0193-e91.fits	58582.657362	1.000195	0.000515
17	tfn0m410-kb23-20190408-0194-e91.fits	58582.658108	1.000300	0.000516
18	tfn0m410-kb23-20190408-0195-e91.fits	58582.658865	0.993760	0.000516
19	tfn0m410-kb23-20190408-0196-e91.fits	58582.659609	1.001532	0.000507
20	tfn0m410-kb23-20190408-0197-e91.fits	58582.660353	0.994208	0.000507
21	tfn0m410-kb23-20190517-0115-e91.fits	58621.581397	1.007208	0.000579
22	tfn0m410-kb23-20190517-0116-e91.fits	58621.582149	1.007051	0.000569
23	tfn0m410-kb23-20190517-0117-e91.fits	58621.582908	1.013253	0.000556
24	tfn0m410-kb23-20190517-0118-e91.fits	58621.583659	1.006568	0.000566
25	tfn0m410-kb23-20190520-0418-e91.fits	58624.565890	0.995978	0.000495
26	tfn0m410-kb23-20190520-0419-e91.fits	58624.566640	0.994667	0.000503
27	tfn0m410-kb23-20190520-0420-e91.fits	58624.567397	1.009388	0.000499
28	tfn0m410-kb23-20190520-0421-e91.fits	58624.568151	1.003215	0.000491
29	tfn0m410-kb23-20190520-0439-e91.fits	58624.592997	1.004711	0.000593
30	tfn0m410-kb23-20190520-0440-e91.fits	58624.593748	1.012276	0.000508
31	tfn0m410-kb23-20190520-0441-e91.fits	58624.594513	1.014843	0.000495
32	tfn0m410-kb23-20190520-0442-e91.fits	58624.595264	1.022198	0.000497
33	tfn0m410-kb23-20190520-0443-e91.fits	58624.596014	1.011116	0.000482
34	tfn0m410-kb23-20190520-0444-e91.fits	58624.596801	1.014732	0.000496
35	tfn0m410-kb23-20190520-0445-e91.fits	58624.597553	1.010645	0.000483
36	tfn0m410-kb23-20190520-0446-e91.fits	58624.598308	1.008640	0.000488
37	tfn0m410-kb23-20190520-0447-e91.fits	58624.599065	1.009772	0.000488
38	tfn0m410-kb23-20190520-0448-e91.fits	58624.599815	1.005703	0.000485
39	tfn0m410-kb23-20190523-0152-e91.fits	58627.557710	1.003116	0.000576
40	tfn0m410-kb23-20190523-0153-e91.fits	58627.558481	1.015473	0.000590
41	tfn0m410-kb23-20190523-0154-e91.fits	58627.559241	0.998003	0.000556
42	tfn0m410-kb23-20190523-0155-e91.fits	58627.559994	0.996478	0.000574
43	tfn0m410-kb23-20190524-0174-e91.fits	58628.557591	0.989959	0.000527
44	tfn0m410-kb23-20190524-0175-e91.fits	58628.558335	1.001725	0.000524
45	tfn0m410-kb23-20190524-0176-e91.fits	58628.559080	0.991781	0.000565
46	tfn0m410-kb23-20190524-0177-e91.fits	58628.559828	1.001327	0.000528
47	tfn0m410-kb23-20190525-0192-e91.fits	58629.560979	0.998000	0.000519
48	tfn0m410-kb23-20190525-0193-e91.fits	58629.561729	0.996851	0.000516
49	tfn0m410-kb23-20190525-0194-e91.fits	58629.562483	0.999874	0.000513
50	tfn0m410-kb23-20190525-0195-e91.fits	58629.563233	0.999286	0.000518
51	tfn0m410-kb23-20190528-0186-e91.fits	58632.539427	1.003691	0.000495
52	tfn0m410-kb23-20190528-0187-e91.fits	58632.540173	1.011334	0.000495
53	tfn0m410-kb23-20190528-0188-e91.fits	58632.540921	1.007314	0.000495
54	tfn0m410-kb23-20190528-0189-e91.fits	58632.541667	0.998215	0.000497
55	tfn0m410-kb23-20190610-0291-e91.fits	58645.571224	0.993266	0.000566
56	tfn0m410-kb23-20190610-0292-e91.fits	58645.572004	0.993897	0.000532
57	tfn0m410-kb23-20190610-0293-e91.fits	58645.572750	0.999642	0.000535
58	tfn0m410-kb23-20190610-0294-e91.fits	58645.573494	1.000949	0.000518
59	tfn0m410-kb23-20190610-0295-e91.fits	58645.574236	0.992615	0.000518
60	tfn0m410-kb23-20190610-0296-e91.fits	58645.574983	0.997796	0.000510
61	tfn0m410-kb23-20190610-0297-e91.fits	58645.575729	0.998409	0.000515
62	tfn0m410-kb23-20190610-0298-e91.fits	58645.576478	1.000406	0.000524
63	tfn0m410-kb23-20190610-0299-e91.fits	58645.577222	1.008604	0.000516
64	tfn0m410-kb23-20190610-0300-e91.fits	58645.577969	1.002546	0.000502
65	tfn0m410-kb23-20190617-0112-e91.fits	58652.457045	1.008523	0.000553
66	tfn0m410-kb23-20190617-0113-e91.fits	58652.457795	1.016601	0.000571
67	tfn0m410-kb23-20190617-0114-e91.fits	58652.458544	1.000537	0.000574
68	tfn0m410-kb23-20190617-0115-e91.fits	58652.459296	1.001940	0.000548
69	tfn0m410-kb23-20190617-0116-e91.fits	58652.460043	1.003141	0.000546
70	tfn0m410-kb23-20190617-0117-e91.fits	58652.460791	1.003970	0.000579
71	tfn0m410-kb23-20190617-0118-e91.fits	58652.461536	1.004001	0.000566
72	tfn0m410-kb23-20190617-0119-e91.fits	58652.462285	1.001912	0.000616
73	tfn0m410-kb23-20190617-0120-e91.fits	58652.463061	1.002981	0.000586
74	tfn0m410-kb23-20190617-0121-e91.fits	58652.463812	0.999035	0.000580
75	tfn0m410-kb23-20190624-0189-e91.fits	58659.556014	0.984984	0.000584
76	tfn0m410-kb23-20190624-0190-e91.fits	58659.556757	0.983357	0.000556
77	tfn0m410-kb23-20190624-0191-e91.fits	58659.557503	0.982854	0.000561
78	tfn0m410-kb23-20190624-0192-e91.fits	58659.558245	0.983503	0.000564
79	tfn0m410-kb23-20190624-0193-e91.fits	58659.558989	0.985039	0.000555
80	tfn0m410-kb23-20190624-0194-e91.fits	58659.559735	0.979018	0.000558
81	tfn0m410-kb23-20190624-0195-e91.fits	58659.560479	0.985792	0.000588
82	tfn0m410-kb23-20190624-0196-e91.fits	58659.561223	0.972955	0.000589
83	tfn0m410-kb23-20190624-0197-e91.fits	58659.561965	0.976232	0.000590
84	tfn0m410-kb23-20190624-0198-e91.fits	58659.562715	0.975246	0.000567
85	tfn0m410-kb23-20190708-0057-e91.fits	58673.399643	0.987908	0.000554
86	tfn0m410-kb23-20190708-0058-e91.fits	58673.400426	0.994890	0.000546
87	tfn0m410-kb23-20190708-0059-e91.fits	58673.401170	0.997057	0.000516
88	tfn0m410-kb23-20190708-0060-e91.fits	58673.401917	0.997735	0.000515
89	tfn0m410-kb23-20190708-0061-e91.fits	58673.402662	1.006227	0.000516
90	tfn0m410-kb23-20190708-0062-e91.fits	58673.403405	0.997578	0.000493
91	tfn0m410-kb23-20190708-0063-e91.fits	58673.404149	1.000862	0.000498
92	tfn0m410-kb23-20190708-0064-e91.fits	58673.404893	0.996574	0.000497
93	tfn0m410-kb23-20190708-0065-e91.fits	58673.405638	0.989833	0.000524
94	tfn0m410-kb23-20190708-0066-e91.fits	58673.406382	0.987527	0.000528
95	tfn0m410-kb23-20190722-0066-e91.fits	58687.382467	1.002767	0.000515
96	tfn0m410-kb23-20190722-0067-e91.fits	58687.383214	0.999917	0.000511
97	tfn0m410-kb23-20190722-0069-e91.fits	58687.384703	1.003736	0.000524
98	tfn0m410-kb23-20190722-0070-e91.fits	58687.385448	0.996560	0.000522
99	tfn0m410-kb23-20190722-0071-e91.fits	58687.386193	1.006580	0.000524
100	tfn0m410-kb23-20190722-0072-e91.fits	58687.386939	0.998608	0.000525
101	tfn0m410-kb23-20190722-0073-e91.fits	58687.387683	1.000558	0.000540
102	tfn0m410-kb23-20190722-0074-e91.fits	58687.388449	0.999955	0.000531
103	tfn0m410-kb23-20190722-0075-e91.fits	58687.389192	1.002733	0.000535
