#	Label	J.D.-2400000	rel_flux_T1_n
11	tfn0m414-kb25-20190428-0198-e91.fits	58602.593528	1.017397
12	tfn0m414-kb25-20190428-0199-e91.fits	58602.594274	1.012743
13	tfn0m414-kb25-20190428-0200-e91.fits	58602.595010	1.012118
14	tfn0m414-kb25-20190428-0201-e91.fits	58602.595740	1.006050
15	tfn0m414-kb25-20190428-0202-e91.fits	58602.596476	1.011421
16	tfn0m414-kb25-20190428-0203-e91.fits	58602.597214	1.011088
17	tfn0m414-kb25-20190428-0204-e91.fits	58602.597948	1.009931
18	tfn0m414-kb25-20190428-0205-e91.fits	58602.598681	1.011475
19	tfn0m414-kb25-20190428-0206-e91.fits	58602.599416	1.011381
20	tfn0m414-kb25-20190428-0207-e91.fits	58602.600161	1.006871
31	tfn0m414-kb25-20190527-0163-e91.fits	58631.514350	1.014623
32	tfn0m414-kb25-20190527-0164-e91.fits	58631.515089	1.002470
33	tfn0m414-kb25-20190527-0165-e91.fits	58631.515824	1.010693
34	tfn0m414-kb25-20190527-0166-e91.fits	58631.516557	1.009181
35	tfn0m414-kb25-20190527-0167-e91.fits	58631.517292	1.013786
36	tfn0m414-kb25-20190527-0168-e91.fits	58631.518062	1.010178
37	tfn0m414-kb25-20190527-0169-e91.fits	58631.518796	1.006480
38	tfn0m414-kb25-20190527-0170-e91.fits	58631.519529	1.014072
39	tfn0m414-kb25-20190527-0171-e91.fits	58631.520269	1.016062
40	tfn0m414-kb25-20190527-0172-e91.fits	58631.521003	1.013209
41	tfn0m414-kb25-20190603-0123-e91.fits	58638.495231	1.007674
42	tfn0m414-kb25-20190603-0124-e91.fits	58638.495979	1.012958
43	tfn0m414-kb25-20190603-0125-e91.fits	58638.496712	1.018497
44	tfn0m414-kb25-20190603-0126-e91.fits	58638.497445	1.004769
45	tfn0m414-kb25-20190603-0127-e91.fits	58638.498192	1.010521
46	tfn0m414-kb25-20190603-0128-e91.fits	58638.498924	1.007752
47	tfn0m414-kb25-20190603-0129-e91.fits	58638.499661	1.008919
48	tfn0m414-kb25-20190603-0130-e91.fits	58638.500394	1.008749
49	tfn0m414-kb25-20190603-0131-e91.fits	58638.501128	1.003458
50	tfn0m414-kb25-20190603-0132-e91.fits	58638.501863	1.011541
