#	Label	J.D.-2400000	rel_flux_T1_n	rel_flux_T1	rel_flux_err_T1	rel_flux_err_T1_n
1	tfn0m410-kb98-20191209-0073-e91.fits	58827.315124	1.005570	0.136763	0.000620	0.004557
2	tfn0m410-kb98-20191209-0074-e91.fits	58827.315865	1.010594	0.137446	0.000611	0.004490
3	tfn0m410-kb98-20191209-0075-e91.fits	58827.316631	1.015068	0.138055	0.000586	0.004309
4	tfn0m410-kb98-20191209-0076-e91.fits	58827.317374	1.013661	0.137863	0.000581	0.004269
5	tfn0m410-kb98-20191209-0077-e91.fits	58827.318117	1.015975	0.138178	0.000592	0.004353
6	tfn0m410-kb98-20191211-0069-e91.fits	58829.308775	1.022738	0.139098	0.000584	0.004296
7	tfn0m410-kb98-20191211-0070-e91.fits	58829.309519	1.019512	0.138659	0.000586	0.004306
8	tfn0m410-kb98-20191211-0071-e91.fits	58829.310262	1.020264	0.138761	0.000591	0.004345
9	tfn0m410-kb98-20191211-0072-e91.fits	58829.311006	1.011525	0.137573	0.000596	0.004383
10	tfn0m410-kb98-20191211-0073-e91.fits	58829.311751	1.016510	0.138251	0.000610	0.004487
11	tfn0m410-kb98-20200328-0267-e91.fits	58937.677556	0.987243	0.134270	0.000750	0.005514
12	tfn0m410-kb98-20200328-0268-e91.fits	58937.678301	0.984082	0.133840	0.000732	0.005384
13	tfn0m410-kb98-20200328-0269-e91.fits	58937.679043	0.979708	0.133245	0.000745	0.005479
14	tfn0m410-kb98-20200328-0270-e91.fits	58937.679786	0.983181	0.133718	0.000730	0.005370
15	tfn0m410-kb98-20200328-0271-e91.fits	58937.680536	0.989204	0.134537	0.000739	0.005433
16	tfn0m410-kb98-20200328-0272-e91.fits	58937.681282	0.993489	0.135120	0.000739	0.005437
17	tfn0m410-kb98-20200328-0273-e91.fits	58937.682025	0.968482	0.131719	0.000731	0.005377
18	tfn0m410-kb98-20200328-0274-e91.fits	58937.682768	0.990315	0.134688	0.000738	0.005425
19	tfn0m410-kb98-20200328-0275-e91.fits	58937.683510	0.980422	0.133343	0.000734	0.005398
20	tfn0m410-kb98-20200328-0276-e91.fits	58937.684253	0.987531	0.134309	0.000738	0.005428
21	tfn0m410-kb98-20200427-0179-e91.fits	58967.639943	0.981850	0.133537	0.000699	0.005136
22	tfn0m410-kb98-20200427-0180-e91.fits	58967.640686	0.988567	0.134450	0.000683	0.005025
23	tfn0m410-kb98-20200427-0181-e91.fits	58967.641429	0.987684	0.134330	0.000665	0.004889
24	tfn0m410-kb98-20200427-0182-e91.fits	58967.642172	0.989824	0.134621	0.000647	0.004757
25	tfn0m410-kb98-20200427-0183-e91.fits	58967.642915	0.998504	0.135802	0.000659	0.004848
26	tfn0m410-kb98-20200427-0184-e91.fits	58967.643658	0.987736	0.134337	0.000624	0.004584
27	tfn0m410-kb98-20200427-0185-e91.fits	58967.644401	0.997486	0.135663	0.000633	0.004653
28	tfn0m410-kb98-20200427-0186-e91.fits	58967.645145	0.993771	0.135158	0.000638	0.004689
29	tfn0m410-kb98-20200427-0187-e91.fits	58967.645888	0.996550	0.135536	0.000642	0.004719
30	tfn0m410-kb98-20200427-0188-e91.fits	58967.646629	0.995325	0.135369	0.000666	0.004896
31	tfn0m410-kb98-20200620-0248-e91.fits	59021.620198	1.014042	0.137915	0.000548	0.004032
32	tfn0m410-kb98-20200620-0249-e91.fits	59021.620941	1.003434	0.136472	0.000543	0.003989
33	tfn0m410-kb98-20200620-0250-e91.fits	59021.621685	1.015030	0.138049	0.000548	0.004033
34	tfn0m410-kb98-20200620-0251-e91.fits	59021.622428	1.015763	0.138149	0.000542	0.003986
35	tfn0m410-kb98-20200620-0252-e91.fits	59021.623170	1.009097	0.137242	0.000542	0.003982
36	tfn0m410-kb98-20200620-0253-e91.fits	59021.623913	1.021061	0.138870	0.000550	0.004042
37	tfn0m410-kb98-20200620-0254-e91.fits	59021.624656	1.009921	0.137355	0.000549	0.004039
38	tfn0m410-kb98-20200620-0255-e91.fits	59021.625398	1.000722	0.136103	0.000547	0.004024
39	tfn0m410-kb98-20200620-0256-e91.fits	59021.626140	1.000988	0.136140	0.000541	0.003976
40	tfn0m410-kb98-20200620-0257-e91.fits	59021.626884	1.014182	0.137934	0.000550	0.004041
41	tfn0m410-kb98-20200629-0345-e91.fits	59030.677314	1.003156	0.136435	0.000559	0.004107
42	tfn0m410-kb98-20200629-0346-e91.fits	59030.678056	1.001371	0.136192	0.000560	0.004116
43	tfn0m410-kb98-20200629-0347-e91.fits	59030.678799	0.998012	0.135735	0.000557	0.004097
44	tfn0m410-kb98-20200629-0348-e91.fits	59030.679542	1.006173	0.136845	0.000556	0.004089
45	tfn0m410-kb98-20200629-0349-e91.fits	59030.680285	0.993476	0.135118	0.000557	0.004099
46	tfn0m410-kb98-20200629-0350-e91.fits	59030.681052	1.003931	0.136540	0.000565	0.004156
47	tfn0m410-kb98-20200629-0351-e91.fits	59030.681795	1.004799	0.136658	0.000561	0.004128
48	tfn0m410-kb98-20200629-0352-e91.fits	59030.682536	0.989738	0.134610	0.000555	0.004078
49	tfn0m410-kb98-20200629-0353-e91.fits	59030.683281	1.001231	0.136173	0.000559	0.004110
50	tfn0m410-kb98-20200629-0354-e91.fits	59030.684024	1.005016	0.136687	0.000561	0.004128
51	tfn0m410-kb98-20200816-0101-e91.fits	59078.448410	0.995472	0.135389	0.000610	0.004483
52	tfn0m410-kb98-20200816-0102-e91.fits	59078.449151	0.993290	0.135093	0.000608	0.004469
53	tfn0m410-kb98-20200816-0103-e91.fits	59078.449893	0.996647	0.135549	0.000606	0.004454
54	tfn0m410-kb98-20200816-0104-e91.fits	59078.450636	1.007722	0.137055	0.000618	0.004546
55	tfn0m410-kb98-20200816-0105-e91.fits	59078.451389	0.988292	0.134413	0.000605	0.004446
56	tfn0m410-kb98-20200816-0106-e91.fits	59078.452151	1.006960	0.136952	0.000605	0.004446
57	tfn0m410-kb98-20200816-0107-e91.fits	59078.452895	0.995739	0.135426	0.000603	0.004435
58	tfn0m410-kb98-20200816-0108-e91.fits	59078.453643	0.997653	0.135686	0.000600	0.004413
59	tfn0m410-kb98-20200816-0109-e91.fits	59078.454385	1.001507	0.136210	0.000599	0.004401
60	tfn0m410-kb98-20200816-0110-e91.fits	59078.455129	0.999534	0.135942	0.000602	0.004428
61	tfn0m410-kb98-20200918-0141-e91.fits	59111.533166	0.983920	0.133818	0.000684	0.005026
62	tfn0m410-kb98-20200918-0142-e91.fits	59111.533908	0.988823	0.134485	0.000682	0.005014
63	tfn0m410-kb98-20200918-0143-e91.fits	59111.534652	0.986070	0.134111	0.000690	0.005072
64	tfn0m410-kb98-20200918-0144-e91.fits	59111.535395	0.986730	0.134200	0.000685	0.005036
65	tfn0m410-kb98-20200918-0145-e91.fits	59111.536137	0.978846	0.133128	0.000676	0.004971
66	tfn0m410-kb98-20200918-0146-e91.fits	59111.536880	0.986865	0.134219	0.000683	0.005024
67	tfn0m410-kb98-20200918-0147-e91.fits	59111.537624	0.997346	0.135644	0.000687	0.005050
68	tfn0m410-kb98-20200918-0148-e91.fits	59111.538368	0.994276	0.135227	0.000683	0.005024
69	tfn0m410-kb98-20200918-0149-e91.fits	59111.539110	0.979600	0.133231	0.000689	0.005064
70	tfn0m410-kb98-20200918-0150-e91.fits	59111.539853	0.990348	0.134693	0.000682	0.005018
71	tfn0m410-kb98-20200930-0134-e91.fits	59123.438277	1.000475	0.136070	0.000642	0.004718
72	tfn0m410-kb98-20200930-0135-e91.fits	59123.439023	1.007821	0.137069	0.000655	0.004818
73	tfn0m410-kb98-20200930-0136-e91.fits	59123.439778	0.996649	0.135550	0.000667	0.004904
74	tfn0m410-kb98-20200930-0137-e91.fits	59123.440522	0.997245	0.135631	0.000648	0.004767
75	tfn0m410-kb98-20200930-0138-e91.fits	59123.441265	0.999785	0.135976	0.000642	0.004723
76	tfn0m410-kb98-20200930-0139-e91.fits	59123.442010	1.003202	0.136441	0.000652	0.004794
77	tfn0m410-kb98-20200930-0140-e91.fits	59123.442751	0.991992	0.134916	0.000656	0.004825
78	tfn0m410-kb98-20200930-0141-e91.fits	59123.443495	1.001077	0.136152	0.000667	0.004903
79	tfn0m410-kb98-20200930-0142-e91.fits	59123.444237	1.005319	0.136729	0.000673	0.004947
80	tfn0m410-kb98-20200930-0143-e91.fits	59123.444979	0.994470	0.135253	0.000696	0.005117
