#	Label	J.D.-2400000	rel_flux_T1_n
1	tfn0m414-kb81-20190819-0080-e91.fits	58715.406778	0.982056
2	tfn0m414-kb81-20190819-0081-e91.fits	58715.407523	0.993771
3	tfn0m414-kb81-20190819-0082-e91.fits	58715.408256	0.996444
4	tfn0m414-kb81-20190819-0083-e91.fits	58715.408991	0.995306
5	tfn0m414-kb81-20190819-0084-e91.fits	58715.409734	1.006399
6	tfn0m414-kb81-20190819-0085-e91.fits	58715.410468	1.000038
7	tfn0m414-kb81-20190819-0086-e91.fits	58715.411198	0.996341
8	tfn0m414-kb81-20190819-0087-e91.fits	58715.411930	1.004653
9	tfn0m414-kb81-20190819-0088-e91.fits	58715.412661	0.987505
10	tfn0m414-kb81-20190819-0089-e91.fits	58715.413414	0.995712
11	tfn0m414-kb81-20190826-0069-e91.fits	58722.487114	1.007266
12	tfn0m414-kb81-20190826-0070-e91.fits	58722.487848	0.999125
13	tfn0m414-kb81-20190826-0071-e91.fits	58722.488580	0.998005
14	tfn0m414-kb81-20190826-0072-e91.fits	58722.489311	0.995850
15	tfn0m414-kb81-20190826-0073-e91.fits	58722.490042	0.999503
16	tfn0m414-kb81-20190826-0074-e91.fits	58722.490773	0.992197
17	tfn0m414-kb81-20190826-0075-e91.fits	58722.491505	0.994403
18	tfn0m414-kb81-20190826-0076-e91.fits	58722.492255	0.989420
19	tfn0m414-kb81-20190826-0077-e91.fits	58722.493020	0.992139
20	tfn0m414-kb81-20190826-0078-e91.fits	58722.493752	0.990729
21	tfn0m414-kb81-20190909-0060-e91.fits	58736.351166	0.963358
22	tfn0m414-kb81-20190909-0061-e91.fits	58736.351897	0.989362
23	tfn0m414-kb81-20190909-0062-e91.fits	58736.352631	0.971790
24	tfn0m414-kb81-20190909-0063-e91.fits	58736.353361	0.981903
25	tfn0m414-kb81-20190909-0064-e91.fits	58736.354096	0.972085
26	tfn0m414-kb81-20190909-0065-e91.fits	58736.354833	0.982722
27	tfn0m414-kb81-20190909-0066-e91.fits	58736.355566	0.992502
28	tfn0m414-kb81-20190909-0067-e91.fits	58736.356302	0.990984
29	tfn0m414-kb81-20190909-0068-e91.fits	58736.357035	0.985581
30	tfn0m414-kb81-20190909-0069-e91.fits	58736.357764	0.989914
31	tfn0m414-kb81-20190924-0080-e91.fits	58751.344178	0.999961
32	tfn0m414-kb81-20190924-0081-e91.fits	58751.344917	1.009620
33	tfn0m414-kb81-20190924-0082-e91.fits	58751.345650	0.998010
34	tfn0m414-kb81-20190924-0083-e91.fits	58751.346382	0.988309
35	tfn0m414-kb81-20190924-0084-e91.fits	58751.347123	0.990893
36	tfn0m414-kb81-20190924-0085-e91.fits	58751.347859	0.994046
37	tfn0m414-kb81-20190924-0086-e91.fits	58751.348591	0.997894
38	tfn0m414-kb81-20190924-0087-e91.fits	58751.349324	0.989154
39	tfn0m414-kb81-20190924-0088-e91.fits	58751.350056	0.998580
40	tfn0m414-kb81-20190924-0089-e91.fits	58751.350794	0.992924
41	tfn0m414-kb81-20191011-0130-e91.fits	58768.403067	0.991626
42	tfn0m414-kb81-20191011-0131-e91.fits	58768.403798	0.987678
43	tfn0m414-kb81-20191011-0132-e91.fits	58768.404551	0.990374
44	tfn0m414-kb81-20191011-0133-e91.fits	58768.405291	0.988505
45	tfn0m414-kb81-20191011-0134-e91.fits	58768.406021	0.989456
46	tfn0m414-kb81-20191011-0135-e91.fits	58768.406767	0.991586
47	tfn0m414-kb81-20191011-0136-e91.fits	58768.407497	0.984105
48	tfn0m414-kb81-20191011-0137-e91.fits	58768.408232	0.987385
49	tfn0m414-kb81-20191011-0138-e91.fits	58768.408966	0.994772
50	tfn0m414-kb81-20191011-0140-e91.fits	58768.410615	1.203392
51	tfn0m414-kb81-20191015-0119-e91.fits	58772.388226	1.001968
52	tfn0m414-kb81-20191015-0120-e91.fits	58772.388960	0.996424
53	tfn0m414-kb81-20191015-0121-e91.fits	58772.389707	0.992944
54	tfn0m414-kb81-20191015-0122-e91.fits	58772.390441	0.986630
55	tfn0m414-kb81-20191015-0123-e91.fits	58772.391183	0.988612
56	tfn0m414-kb81-20191015-0124-e91.fits	58772.391920	0.988521
57	tfn0m414-kb81-20191015-0125-e91.fits	58772.392656	0.991131
58	tfn0m414-kb81-20191015-0126-e91.fits	58772.393393	0.990865
59	tfn0m414-kb81-20191015-0127-e91.fits	58772.394153	0.989754
60	tfn0m414-kb81-20191015-0128-e91.fits	58772.394889	0.987764
61	tfn0m414-kb81-20191018-0075-e91.fits	58775.354643	1.089101
62	tfn0m414-kb81-20191018-0076-e91.fits	58775.355380	0.997374
63	tfn0m414-kb81-20191018-0077-e91.fits	58775.356115	1.001741
64	tfn0m414-kb81-20191018-0078-e91.fits	58775.356850	0.998433
65	tfn0m414-kb81-20191018-0079-e91.fits	58775.357606	1.006886
66	tfn0m414-kb81-20191018-0080-e91.fits	58775.358339	1.010051
67	tfn0m414-kb81-20191018-0081-e91.fits	58775.359081	1.004255
68	tfn0m414-kb81-20191018-0082-e91.fits	58775.359814	1.003511
69	tfn0m414-kb81-20191018-0083-e91.fits	58775.360546	1.006965
70	tfn0m414-kb81-20191018-0084-e91.fits	58775.361286	1.005880
71	tfn0m414-kb81-20191021-0052-e91.fits	58778.344906	0.960152
72	tfn0m414-kb81-20191021-0053-e91.fits	58778.345643	0.980606
73	tfn0m414-kb81-20191021-0054-e91.fits	58778.346373	0.979250
74	tfn0m414-kb81-20191021-0055-e91.fits	58778.347107	0.968480
75	tfn0m414-kb81-20191021-0056-e91.fits	58778.347839	0.979587
76	tfn0m414-kb81-20191021-0057-e91.fits	58778.348567	0.963835
77	tfn0m414-kb81-20191021-0058-e91.fits	58778.349300	0.972885
78	tfn0m414-kb81-20191021-0059-e91.fits	58778.350034	0.982130
79	tfn0m414-kb81-20191021-0060-e91.fits	58778.350768	0.993697
80	tfn0m414-kb81-20191021-0061-e91.fits	58778.351498	0.995285
81	tfn0m414-kb81-20191023-0140-e91.fits	58780.368582	0.985081
82	tfn0m414-kb81-20191023-0141-e91.fits	58780.369317	0.991265
83	tfn0m414-kb81-20191023-0142-e91.fits	58780.370064	1.009188
84	tfn0m414-kb81-20191023-0143-e91.fits	58780.370801	0.986711
85	tfn0m414-kb81-20191023-0144-e91.fits	58780.371533	1.000541
86	tfn0m414-kb81-20191023-0145-e91.fits	58780.372274	0.992751
87	tfn0m414-kb81-20191023-0146-e91.fits	58780.373006	0.989823
88	tfn0m414-kb81-20191023-0147-e91.fits	58780.373744	0.999290
89	tfn0m414-kb81-20191023-0148-e91.fits	58780.374475	1.002931
90	tfn0m414-kb81-20191023-0149-e91.fits	58780.375207	1.001183
