#	Label	J.D.-2400000	rel_flux_T1_n
1	ogg0m406-kb27-20190407-0254-e91.fits	58582.118633	0.991392
2	ogg0m406-kb27-20190407-0255-e91.fits	58582.121147	0.988933
3	ogg0m406-kb27-20190407-0256-e91.fits	58582.123614	0.984920
4	ogg0m406-kb27-20190407-0257-e91.fits	58582.126086	0.990487
5	ogg0m406-kb27-20190407-0258-e91.fits	58582.128554	0.991215
6	ogg0m406-kb27-20190407-0259-e91.fits	58582.131021	0.994767
7	ogg0m406-kb27-20190407-0260-e91.fits	58582.133490	0.988781
8	ogg0m406-kb27-20190512-0169-e91.fits	58617.001822	1.022937
9	ogg0m406-kb27-20190512-0170-e91.fits	58617.004308	1.010302
10	ogg0m406-kb27-20190512-0171-e91.fits	58617.006778	1.021218
11	ogg0m406-kb27-20190512-0172-e91.fits	58617.009284	1.022238
12	ogg0m406-kb27-20190512-0173-e91.fits	58617.011751	1.015751
13	ogg0m406-kb27-20190512-0174-e91.fits	58617.014223	1.000378
14	ogg0m406-kb27-20190512-0175-e91.fits	58617.016690	0.992829
15	ogg0m406-kb27-20190512-0176-e91.fits	58617.019159	0.991658
16	ogg0m406-kb27-20190512-0177-e91.fits	58617.021627	0.996204
17	ogg0m406-kb27-20190512-0178-e91.fits	58617.024096	0.994290
18	ogg0m406-kb27-20190617-0110-e91.fits	58652.889107	1.000623
19	ogg0m406-kb27-20190617-0111-e91.fits	58652.891604	1.015228
20	ogg0m406-kb27-20190617-0112-e91.fits	58652.894085	1.016659
21	ogg0m406-kb27-20190617-0113-e91.fits	58652.896571	1.007818
22	ogg0m406-kb27-20190617-0114-e91.fits	58652.899072	1.000866
23	ogg0m406-kb27-20190617-0115-e91.fits	58652.901539	0.992998
24	ogg0m406-kb27-20190617-0116-e91.fits	58652.904009	0.990541
25	ogg0m406-kb27-20190617-0117-e91.fits	58652.906481	0.998468
26	ogg0m406-kb27-20190617-0118-e91.fits	58652.908961	0.998135
27	ogg0m406-kb27-20190617-0119-e91.fits	58652.911430	1.009825
28	ogg0m406-kb27-20190709-0068-e91.fits	58674.785363	1.003086
29	ogg0m406-kb27-20190709-0069-e91.fits	58674.787834	1.001079
30	ogg0m406-kb27-20190709-0070-e91.fits	58674.790305	1.004050
31	ogg0m406-kb27-20190709-0071-e91.fits	58674.792772	1.006039
32	ogg0m406-kb27-20190709-0072-e91.fits	58674.795240	1.000494
33	ogg0m406-kb27-20190709-0073-e91.fits	58674.797709	1.000363
34	ogg0m406-kb27-20190709-0074-e91.fits	58674.800181	0.992810
35	ogg0m406-kb27-20190709-0075-e91.fits	58674.802648	0.991586
36	ogg0m406-kb27-20190709-0076-e91.fits	58674.805117	0.996706
37	ogg0m406-kb27-20190709-0077-e91.fits	58674.807585	0.999444
38	ogg0m406-kb27-20190715-0110-e91.fits	58680.802706	1.002457
39	ogg0m406-kb27-20190715-0111-e91.fits	58680.805203	0.985300
40	ogg0m406-kb27-20190715-0112-e91.fits	58680.807672	0.992321
41	ogg0m406-kb27-20190715-0113-e91.fits	58680.810169	0.992762
42	ogg0m406-kb27-20190715-0114-e91.fits	58680.812636	0.993724
43	ogg0m406-kb27-20190715-0115-e91.fits	58680.815104	1.000558
44	ogg0m406-kb27-20190715-0116-e91.fits	58680.817589	1.005867
45	ogg0m406-kb27-20190715-0117-e91.fits	58680.820061	1.006916
46	ogg0m406-kb27-20190715-0118-e91.fits	58680.822554	1.003844
47	ogg0m406-kb27-20190715-0119-e91.fits	58680.825024	0.997039
48	ogg0m406-kb27-20190729-0083-e91.fits	58695.040873	1.011100
49	ogg0m406-kb27-20190729-0084-e91.fits	58695.043344	1.006634
50	ogg0m406-kb27-20190729-0085-e91.fits	58695.045813	0.999181
51	ogg0m406-kb27-20190729-0086-e91.fits	58695.048281	0.996170
52	ogg0m406-kb27-20190729-0087-e91.fits	58695.050775	0.994558
53	ogg0m406-kb27-20190729-0088-e91.fits	58695.053301	0.998914
54	ogg0m406-kb27-20190729-0089-e91.fits	58695.055768	1.001806
55	ogg0m406-kb27-20190729-0090-e91.fits	58695.058263	1.005342
56	ogg0m406-kb27-20190729-0091-e91.fits	58695.060731	1.001822
57	ogg0m406-kb27-20190729-0092-e91.fits	58695.063199	1.002784
