#	Label	J.D.-2400000	rel_flux_T1_n
1	ogg0m406-kb27-20190329-0279-e91.fits	58573.125943	0.998063
2	ogg0m406-kb27-20190329-0280-e91.fits	58573.126673	1.002399
3	ogg0m406-kb27-20190329-0281-e91.fits	58573.127406	1.002643
4	ogg0m406-kb27-20190329-0282-e91.fits	58573.128138	1.000733
5	ogg0m406-kb27-20190329-0283-e91.fits	58573.128866	0.997798
6	ogg0m406-kb27-20190329-0284-e91.fits	58573.129597	0.999693
7	ogg0m406-kb27-20190329-0285-e91.fits	58573.130328	1.003896
8	ogg0m406-kb27-20190329-0286-e91.fits	58573.131061	1.002130
9	ogg0m406-kb27-20190329-0287-e91.fits	58573.131790	0.994965
10	ogg0m406-kb27-20190329-0288-e91.fits	58573.132519	1.003291
11	ogg0m406-kb27-20190402-0238-e91.fits	58577.135908	0.991409
12	ogg0m406-kb27-20190402-0239-e91.fits	58577.136640	0.996226
13	ogg0m406-kb27-20190402-0240-e91.fits	58577.137369	0.996950
14	ogg0m406-kb27-20190402-0241-e91.fits	58577.138099	0.993476
15	ogg0m406-kb27-20190402-0242-e91.fits	58577.138835	0.992961
16	ogg0m406-kb27-20190402-0243-e91.fits	58577.139565	0.997610
17	ogg0m406-kb27-20190402-0244-e91.fits	58577.140297	0.998015
18	ogg0m406-kb27-20190402-0245-e91.fits	58577.141054	1.000013
19	ogg0m406-kb27-20190402-0246-e91.fits	58577.141787	0.999461
20	ogg0m406-kb27-20190402-0247-e91.fits	58577.142519	0.997014
21	ogg0m406-kb27-20190512-0150-e91.fits	58616.979977	1.002045
22	ogg0m406-kb27-20190512-0151-e91.fits	58616.980711	1.007958
23	ogg0m406-kb27-20190512-0152-e91.fits	58616.981443	1.017502
24	ogg0m406-kb27-20190512-0153-e91.fits	58616.982176	1.011500
25	ogg0m406-kb27-20190512-0154-e91.fits	58616.982907	1.011764
26	ogg0m406-kb27-20190512-0155-e91.fits	58616.983639	1.010448
27	ogg0m406-kb27-20190512-0156-e91.fits	58616.984373	0.997122
28	ogg0m406-kb27-20190512-0157-e91.fits	58616.985103	0.989844
29	ogg0m406-kb27-20190512-0158-e91.fits	58616.985835	0.987399
30	ogg0m406-kb27-20190512-0159-e91.fits	58616.986566	0.983481
31	ogg0m406-kb27-20190630-0293-e91.fits	58666.053931	0.990080
32	ogg0m406-kb27-20190630-0294-e91.fits	58666.054672	0.998610
33	ogg0m406-kb27-20190630-0295-e91.fits	58666.055403	0.995463
34	ogg0m406-kb27-20190630-0296-e91.fits	58666.056132	0.998421
35	ogg0m406-kb27-20190630-0297-e91.fits	58666.056892	1.007915
36	ogg0m406-kb27-20190630-0298-e91.fits	58666.057623	1.008657
37	ogg0m406-kb27-20190630-0299-e91.fits	58666.058352	1.001875
38	ogg0m406-kb27-20190630-0300-e91.fits	58666.059082	1.000804
39	ogg0m406-kb27-20190630-0301-e91.fits	58666.059828	0.998065
40	ogg0m406-kb27-20190630-0302-e91.fits	58666.060557	0.999623
41	ogg0m406-kb27-20190714-0279-e91.fits	58680.073379	1.001724
42	ogg0m406-kb27-20190714-0280-e91.fits	58680.074128	1.005257
43	ogg0m406-kb27-20190714-0281-e91.fits	58680.074859	1.006785
44	ogg0m406-kb27-20190714-0282-e91.fits	58680.075590	1.005859
45	ogg0m406-kb27-20190714-0283-e91.fits	58680.076322	1.010511
46	ogg0m406-kb27-20190714-0284-e91.fits	58680.077053	1.008193
47	ogg0m406-kb27-20190714-0285-e91.fits	58680.077783	1.001909
48	ogg0m406-kb27-20190714-0286-e91.fits	58680.078515	0.999164
49	ogg0m406-kb27-20190714-0287-e91.fits	58680.079245	0.990793
50	ogg0m406-kb27-20190714-0288-e91.fits	58680.079977	1.001870
51	ogg0m406-kb27-20190714-0289-e91.fits	58680.084125	1.012088
52	ogg0m406-kb27-20190714-0290-e91.fits	58680.084855	1.003392
53	ogg0m406-kb27-20190714-0291-e91.fits	58680.085587	1.001821
54	ogg0m406-kb27-20190714-0292-e91.fits	58680.086318	1.012125
55	ogg0m406-kb27-20190714-0293-e91.fits	58680.087056	1.008949
56	ogg0m406-kb27-20190714-0294-e91.fits	58680.087789	1.013541
57	ogg0m406-kb27-20190714-0295-e91.fits	58680.088520	1.003420
58	ogg0m406-kb27-20190714-0296-e91.fits	58680.089250	0.996109
59	ogg0m406-kb27-20190714-0297-e91.fits	58680.090014	0.992130
60	ogg0m406-kb27-20190714-0298-e91.fits	58680.090747	1.010065
61	ogg0m406-kb27-20190729-0040-e91.fits	58694.901977	0.992672
62	ogg0m406-kb27-20190729-0041-e91.fits	58694.902708	0.987049
63	ogg0m406-kb27-20190729-0042-e91.fits	58694.903439	0.985015
64	ogg0m406-kb27-20190729-0043-e91.fits	58694.904195	0.988618
65	ogg0m406-kb27-20190729-0044-e91.fits	58694.904925	1.000276
66	ogg0m406-kb27-20190729-0045-e91.fits	58694.905655	0.991234
67	ogg0m406-kb27-20190729-0046-e91.fits	58694.906384	0.993835
68	ogg0m406-kb27-20190729-0047-e91.fits	58694.907141	1.007221
69	ogg0m406-kb27-20190729-0048-e91.fits	58694.907869	1.007034
70	ogg0m406-kb27-20190729-0049-e91.fits	58694.908598	1.003773
71	ogg0m406-kb27-20190804-0073-e91.fits	58700.753954	0.999334
72	ogg0m406-kb27-20190804-0074-e91.fits	58700.754686	1.007142
73	ogg0m406-kb27-20190804-0075-e91.fits	58700.755415	0.998865
74	ogg0m406-kb27-20190804-0076-e91.fits	58700.756146	0.993166
75	ogg0m406-kb27-20190804-0077-e91.fits	58700.756876	0.995053
76	ogg0m406-kb27-20190804-0078-e91.fits	58700.757607	0.998971
77	ogg0m406-kb27-20190804-0079-e91.fits	58700.758377	0.995575
78	ogg0m406-kb27-20190804-0080-e91.fits	58700.759114	0.996537
79	ogg0m406-kb27-20190804-0081-e91.fits	58700.759846	0.995936
80	ogg0m406-kb27-20190804-0082-e91.fits	58700.760575	0.991454
