#	Label	J.D.-2400000	rel_flux_T1_n
1	ogg0m404-kb82-20190520-0173-e91.fits	58625.049113	1.007198
2	ogg0m404-kb82-20190520-0174-e91.fits	58625.051590	1.003790
3	ogg0m404-kb82-20190520-0175-e91.fits	58625.054070	1.008856
4	ogg0m404-kb82-20190520-0176-e91.fits	58625.056546	1.008840
5	ogg0m404-kb82-20190520-0177-e91.fits	58625.059024	1.013021
6	ogg0m404-kb82-20190520-0178-e91.fits	58625.061497	1.004322
7	ogg0m404-kb82-20190520-0179-e91.fits	58625.063972	1.005041
8	ogg0m404-kb82-20190520-0180-e91.fits	58625.066458	1.006087
9	ogg0m404-kb82-20190520-0181-e91.fits	58625.068932	1.009460
10	ogg0m404-kb82-20190520-0182-e91.fits	58625.071420	1.000989
11	ogg0m404-kb82-20190610-0191-e91.fits	58646.023415	1.007150
12	ogg0m404-kb82-20190610-0192-e91.fits	58646.025887	0.995848
13	ogg0m404-kb82-20190610-0193-e91.fits	58646.028358	0.997557
14	ogg0m404-kb82-20190610-0194-e91.fits	58646.030830	1.000571
15	ogg0m404-kb82-20190610-0195-e91.fits	58646.033300	0.998041
16	ogg0m404-kb82-20190610-0196-e91.fits	58646.035769	1.004269
17	ogg0m404-kb82-20190610-0197-e91.fits	58646.038239	1.002288
18	ogg0m404-kb82-20190610-0198-e91.fits	58646.040712	1.003495
19	ogg0m404-kb82-20190610-0199-e91.fits	58646.043179	1.001902
20	ogg0m404-kb82-20190610-0200-e91.fits	58646.045647	1.008520
21	ogg0m404-kb82-20190630-0617-e91.fits	58666.052094	0.998648
22	ogg0m404-kb82-20190630-0618-e91.fits	58666.054564	0.997444
23	ogg0m404-kb82-20190630-0619-e91.fits	58666.057032	0.998930
24	ogg0m404-kb82-20190630-0620-e91.fits	58666.059501	0.996314
25	ogg0m404-kb82-20190630-0621-e91.fits	58666.061970	0.997857
26	ogg0m404-kb82-20190630-0622-e91.fits	58666.064438	1.001925
27	ogg0m404-kb82-20190630-0623-e91.fits	58666.066905	0.998349
28	ogg0m404-kb82-20190630-0624-e91.fits	58666.069374	1.003182
29	ogg0m404-kb82-20190630-0625-e91.fits	58666.071842	0.999811
30	ogg0m404-kb82-20190630-0626-e91.fits	58666.074312	0.996502
31	ogg0m404-kb82-20190723-0191-e91.fits	58688.952543	0.996172
32	ogg0m404-kb82-20190723-0192-e91.fits	58688.955012	0.994493
33	ogg0m404-kb82-20190723-0193-e91.fits	58688.957478	0.996428
34	ogg0m404-kb82-20190723-0194-e91.fits	58688.959946	0.999224
35	ogg0m404-kb82-20190723-0195-e91.fits	58688.962413	0.989500
36	ogg0m404-kb82-20190723-0196-e91.fits	58688.964880	0.997527
37	ogg0m404-kb82-20190723-0197-e91.fits	58688.967385	0.988846
38	ogg0m404-kb82-20190723-0198-e91.fits	58688.969852	0.992574
39	ogg0m404-kb82-20190723-0199-e91.fits	58688.972319	0.989819
40	ogg0m404-kb82-20190723-0200-e91.fits	58688.974785	0.994147
