#	Label	J.D.-2400000	rel_flux_T1_n
1	tfn0m410-kb23-20190303-0398-e91.fits	58546.747222	1.007137
2	tfn0m410-kb23-20190303-0399-e91.fits	58546.749706	1.003273
3	tfn0m410-kb23-20190303-0400-e91.fits	58546.752188	0.996132
4	tfn0m410-kb23-20190303-0401-e91.fits	58546.754705	1.002013
5	tfn0m410-kb23-20190303-0402-e91.fits	58546.757194	1.000755
6	tfn0m410-kb23-20190303-0403-e91.fits	58546.759678	1.000477
7	tfn0m410-kb23-20190303-0404-e91.fits	58546.762157	1.008268
8	tfn0m410-kb23-20190303-0405-e91.fits	58546.764650	1.007654
9	tfn0m410-kb23-20190303-0406-e91.fits	58546.767134	1.009249
10	tfn0m410-kb23-20190303-0407-e91.fits	58546.769620	1.006217
11	tfn0m410-kb23-20190312-0243-e91.fits	58555.744361	1.004795
12	tfn0m410-kb23-20190312-0244-e91.fits	58555.746869	0.996874
13	tfn0m410-kb23-20190312-0245-e91.fits	58555.749350	0.997834
14	tfn0m410-kb23-20190312-0246-e91.fits	58555.751838	1.005207
15	tfn0m410-kb23-20190312-0247-e91.fits	58555.754320	0.999172
16	tfn0m410-kb23-20190312-0248-e91.fits	58555.756806	0.999190
17	tfn0m410-kb23-20190312-0249-e91.fits	58555.759287	1.000031
18	tfn0m410-kb23-20190312-0250-e91.fits	58555.761769	0.999286
19	tfn0m410-kb23-20190312-0251-e91.fits	58555.764251	0.999531
20	tfn0m410-kb23-20190312-0252-e91.fits	58555.766735	0.993296
21	tfn0m410-kb23-20190604-0161-e91.fits	58639.552035	0.998619
22	tfn0m410-kb23-20190604-0162-e91.fits	58639.554518	0.995353
23	tfn0m410-kb23-20190604-0163-e91.fits	58639.557002	1.010369
24	tfn0m410-kb23-20190604-0164-e91.fits	58639.559483	1.000222
25	tfn0m410-kb23-20190604-0165-e91.fits	58639.561966	1.006557
26	tfn0m410-kb23-20190604-0166-e91.fits	58639.564449	1.009314
27	tfn0m410-kb23-20190604-0167-e91.fits	58639.566932	1.008918
28	tfn0m410-kb23-20190604-0168-e91.fits	58639.569416	1.004136
29	tfn0m410-kb23-20190604-0169-e91.fits	58639.571900	0.995867
30	tfn0m410-kb23-20190604-0170-e91.fits	58639.574398	0.999908
31	tfn0m410-kb23-20190624-0089-e91.fits	58659.438758	0.982242
32	tfn0m410-kb23-20190624-0090-e91.fits	58659.441242	0.984979
33	tfn0m410-kb23-20190624-0091-e91.fits	58659.443726	0.987939
34	tfn0m410-kb23-20190624-0092-e91.fits	58659.446209	0.986244
35	tfn0m410-kb23-20190624-0093-e91.fits	58659.448689	0.996273
36	tfn0m410-kb23-20190624-0094-e91.fits	58659.451171	0.992105
37	tfn0m410-kb23-20190624-0095-e91.fits	58659.453652	0.987980
38	tfn0m410-kb23-20190624-0096-e91.fits	58659.456134	0.995183
39	tfn0m410-kb23-20190624-0097-e91.fits	58659.458620	0.988686
40	tfn0m410-kb23-20190624-0098-e91.fits	58659.461103	0.987887
