#	Label	J.D.-2400000	rel_flux_T1_n
1	tfn0m414-kb25-20190414-0114-e91.fits	58588.648241	1.005638
2	tfn0m414-kb25-20190414-0115-e91.fits	58588.650722	0.997997
3	tfn0m414-kb25-20190414-0116-e91.fits	58588.653231	1.000547
4	tfn0m414-kb25-20190414-0117-e91.fits	58588.655701	0.998011
5	tfn0m414-kb25-20190414-0118-e91.fits	58588.658196	1.000280
6	tfn0m414-kb25-20190414-0119-e91.fits	58588.660666	1.008913
7	tfn0m414-kb25-20190414-0120-e91.fits	58588.663136	0.996393
8	tfn0m414-kb25-20190414-0121-e91.fits	58588.665615	1.001314
9	tfn0m414-kb25-20190414-0122-e91.fits	58588.668091	0.995407
10	tfn0m414-kb25-20190414-0123-e91.fits	58588.670571	0.996579
11	tfn0m414-kb25-20190420-0202-e91.fits	58594.625623	0.985290
12	tfn0m414-kb25-20190420-0203-e91.fits	58594.628110	0.977028
13	tfn0m414-kb25-20190420-0204-e91.fits	58594.630621	0.994314
14	tfn0m414-kb25-20190420-0205-e91.fits	58594.633101	1.003874
15	tfn0m414-kb25-20190420-0206-e91.fits	58594.635576	1.002445
16	tfn0m414-kb25-20190420-0207-e91.fits	58594.638051	0.996869
17	tfn0m414-kb25-20190420-0208-e91.fits	58594.640526	0.999158
18	tfn0m414-kb25-20190420-0209-e91.fits	58594.643002	1.007579
19	tfn0m414-kb25-20190420-0210-e91.fits	58594.645485	0.997287
20	tfn0m414-kb25-20190420-0211-e91.fits	58594.647968	0.992993
21	tfn0m414-kb25-20190429-0202-e91.fits	58603.600492	0.988121
22	tfn0m414-kb25-20190429-0203-e91.fits	58603.602980	0.991558
23	tfn0m414-kb25-20190429-0204-e91.fits	58603.605460	1.000963
24	tfn0m414-kb25-20190429-0205-e91.fits	58603.607951	0.995760
25	tfn0m414-kb25-20190429-0206-e91.fits	58603.610427	0.991660
26	tfn0m414-kb25-20190429-0207-e91.fits	58603.612915	1.000298
27	tfn0m414-kb25-20190429-0208-e91.fits	58603.615395	0.992525
28	tfn0m414-kb25-20190429-0209-e91.fits	58603.617866	0.995179
29	tfn0m414-kb25-20190429-0210-e91.fits	58603.620335	0.992229
30	tfn0m414-kb25-20190429-0211-e91.fits	58603.622805	0.994885
31	tfn0m414-kb25-20190506-0199-e91.fits	58610.624163	1.004357
32	tfn0m414-kb25-20190506-0200-e91.fits	58610.626635	1.001569
33	tfn0m414-kb25-20190506-0201-e91.fits	58610.629126	1.013026
34	tfn0m414-kb25-20190506-0202-e91.fits	58610.631600	0.999465
35	tfn0m414-kb25-20190506-0203-e91.fits	58610.634114	0.999180
36	tfn0m414-kb25-20190506-0204-e91.fits	58610.636593	1.006975
37	tfn0m414-kb25-20190506-0205-e91.fits	58610.639064	1.005190
38	tfn0m414-kb25-20190506-0206-e91.fits	58610.641535	1.002200
39	tfn0m414-kb25-20190506-0207-e91.fits	58610.644005	1.000185
40	tfn0m414-kb25-20190506-0208-e91.fits	58610.646475	0.998776
41	tfn0m414-kb25-20190528-0339-e91.fits	58632.512418	1.006575
42	tfn0m414-kb25-20190528-0340-e91.fits	58632.514978	1.000598
43	tfn0m414-kb25-20190528-0341-e91.fits	58632.517454	1.002070
44	tfn0m414-kb25-20190528-0342-e91.fits	58632.519929	1.001857
45	tfn0m414-kb25-20190528-0343-e91.fits	58632.522400	1.002733
46	tfn0m414-kb25-20190528-0344-e91.fits	58632.524875	0.996568
47	tfn0m414-kb25-20190528-0345-e91.fits	58632.527365	1.004628
48	tfn0m414-kb25-20190528-0346-e91.fits	58632.529841	1.004049
49	tfn0m414-kb25-20190528-0347-e91.fits	58632.532311	0.999620
50	tfn0m414-kb25-20190528-0348-e91.fits	58632.534803	1.006200
