#	Label	J.D.-2400000	rel_flux_T1_n
1	ogg0m404-kb82-20191024-0112-e91.fits	58781.837355	1.019525
2	ogg0m404-kb82-20191024-0113-e91.fits	58781.838201	1.001847
3	ogg0m404-kb82-20191024-0114-e91.fits	58781.839046	1.006795
4	ogg0m404-kb82-20191024-0115-e91.fits	58781.839891	1.004776
5	ogg0m404-kb82-20191024-0116-e91.fits	58781.840754	0.996320
6	ogg0m404-kb82-20191024-0117-e91.fits	58781.841618	0.997128
7	ogg0m404-kb82-20191024-0118-e91.fits	58781.842464	0.994836
8	ogg0m404-kb82-20191024-0119-e91.fits	58781.843312	0.993108
9	ogg0m404-kb82-20191024-0120-e91.fits	58781.844158	0.996479
10	ogg0m404-kb82-20191024-0121-e91.fits	58781.845005	0.990302
11	ogg0m404-kb82-20191028-0078-e91.fits	58785.806569	1.004530
12	ogg0m404-kb82-20191028-0079-e91.fits	58785.807414	1.004491
13	ogg0m404-kb82-20191028-0080-e91.fits	58785.808260	1.000878
14	ogg0m404-kb82-20191028-0081-e91.fits	58785.809106	0.997967
15	ogg0m404-kb82-20191028-0082-e91.fits	58785.809952	0.999902
16	ogg0m404-kb82-20191028-0083-e91.fits	58785.810798	1.007896
17	ogg0m404-kb82-20191028-0084-e91.fits	58785.811645	1.007845
18	ogg0m404-kb82-20191028-0085-e91.fits	58785.812491	1.004483
19	ogg0m404-kb82-20191028-0086-e91.fits	58785.813337	1.003697
20	ogg0m404-kb82-20191028-0087-e91.fits	58785.814223	1.009918
21	ogg0m404-kb82-20191101-0094-e91.fits	58789.785745	0.996181
22	ogg0m404-kb82-20191101-0095-e91.fits	58789.786595	0.995337
23	ogg0m404-kb82-20191101-0096-e91.fits	58789.787441	0.994754
24	ogg0m404-kb82-20191101-0097-e91.fits	58789.788286	0.994058
25	ogg0m404-kb82-20191101-0098-e91.fits	58789.789133	1.000283
26	ogg0m404-kb82-20191101-0099-e91.fits	58789.789982	1.002801
27	ogg0m404-kb82-20191101-0100-e91.fits	58789.790827	0.997873
28	ogg0m404-kb82-20191101-0101-e91.fits	58789.791673	0.993272
29	ogg0m404-kb82-20191101-0102-e91.fits	58789.792520	0.999132
30	ogg0m404-kb82-20191101-0103-e91.fits	58789.793394	0.995452
