#	Label	J.D.-2400000	rel_flux_T1_n
1	ogg0m406-kb27-20191021-0114-e91.fits	58778.778206	1.008340
2	ogg0m406-kb27-20191021-0115-e91.fits	58778.779052	1.014159
3	ogg0m406-kb27-20191021-0116-e91.fits	58778.779898	0.998442
4	ogg0m406-kb27-20191021-0117-e91.fits	58778.780756	1.007481
5	ogg0m406-kb27-20191021-0118-e91.fits	58778.781641	0.995946
6	ogg0m406-kb27-20191021-0119-e91.fits	58778.782488	1.001904
7	ogg0m406-kb27-20191021-0120-e91.fits	58778.783336	1.010333
8	ogg0m406-kb27-20191021-0121-e91.fits	58778.784181	1.011750
9	ogg0m406-kb27-20191021-0122-e91.fits	58778.785026	1.010580
10	ogg0m406-kb27-20191021-0123-e91.fits	58778.785874	0.998318
11	ogg0m406-kb27-20191027-0116-e91.fits	58784.810046	1.002012
12	ogg0m406-kb27-20191027-0117-e91.fits	58784.810893	1.008444
13	ogg0m406-kb27-20191027-0118-e91.fits	58784.811739	1.008610
14	ogg0m406-kb27-20191027-0119-e91.fits	58784.812602	1.001593
15	ogg0m406-kb27-20191027-0120-e91.fits	58784.813449	0.991793
16	ogg0m406-kb27-20191027-0121-e91.fits	58784.814297	0.997665
17	ogg0m406-kb27-20191027-0122-e91.fits	58784.815143	0.996333
18	ogg0m406-kb27-20191027-0123-e91.fits	58784.816002	0.993683
19	ogg0m406-kb27-20191027-0124-e91.fits	58784.816848	0.998133
20	ogg0m406-kb27-20191027-0125-e91.fits	58784.817694	0.991938
