#	Label	J.D.-2400000	rel_flux_T1_n
1	tfn0m414-kb81-20191009-0112-e91.fits	58766.375570	1.000462
2	tfn0m414-kb81-20191009-0113-e91.fits	58766.376418	1.002056
3	tfn0m414-kb81-20191009-0114-e91.fits	58766.377263	0.990944
4	tfn0m414-kb81-20191009-0115-e91.fits	58766.378110	1.001752
5	tfn0m414-kb81-20191009-0116-e91.fits	58766.378970	0.997038
6	tfn0m414-kb81-20191009-0117-e91.fits	58766.379826	0.998494
7	tfn0m414-kb81-20191009-0118-e91.fits	58766.380674	1.002727
8	tfn0m414-kb81-20191009-0119-e91.fits	58766.381535	0.997859
9	tfn0m414-kb81-20191009-0120-e91.fits	58766.382385	1.002148
10	tfn0m414-kb81-20191009-0121-e91.fits	58766.383243	1.001830
11	tfn0m414-kb81-20191021-0062-e91.fits	58778.352411	0.964248
12	tfn0m414-kb81-20191021-0063-e91.fits	58778.353274	0.965363
13	tfn0m414-kb81-20191021-0064-e91.fits	58778.354124	0.971653
14	tfn0m414-kb81-20191021-0065-e91.fits	58778.354973	0.967933
15	tfn0m414-kb81-20191021-0066-e91.fits	58778.355846	0.968098
16	tfn0m414-kb81-20191021-0067-e91.fits	58778.356693	0.955949
17	tfn0m414-kb81-20191021-0068-e91.fits	58778.357540	0.958716
18	tfn0m414-kb81-20191021-0069-e91.fits	58778.358411	0.972609
19	tfn0m414-kb81-20191021-0070-e91.fits	58778.359259	0.962248
20	tfn0m414-kb81-20191021-0071-e91.fits	58778.360109	0.956125
21	tfn0m414-kb81-20191024-0094-e91.fits	58781.356268	0.982528
22	tfn0m414-kb81-20191024-0095-e91.fits	58781.357128	0.985539
23	tfn0m414-kb81-20191024-0096-e91.fits	58781.357974	0.990569
24	tfn0m414-kb81-20191024-0097-e91.fits	58781.358836	0.991092
25	tfn0m414-kb81-20191024-0098-e91.fits	58781.359685	0.987508
26	tfn0m414-kb81-20191024-0099-e91.fits	58781.360534	0.986070
27	tfn0m414-kb81-20191024-0100-e91.fits	58781.361382	0.982815
28	tfn0m414-kb81-20191024-0102-e91.fits	58781.373415	1.030938
29	tfn0m414-kb81-20191024-0103-e91.fits	58781.374267	1.035871
30	tfn0m414-kb81-20191024-0104-e91.fits	58781.375115	1.029835
31	tfn0m414-kb81-20191024-0105-e91.fits	58781.375966	1.037134
32	tfn0m414-kb81-20191024-0106-e91.fits	58781.376816	1.033025
33	tfn0m414-kb81-20191024-0107-e91.fits	58781.377664	1.033221
34	tfn0m414-kb81-20191024-0108-e91.fits	58781.378511	1.029935
35	tfn0m414-kb81-20191024-0109-e91.fits	58781.379364	1.030253
36	tfn0m414-kb81-20191024-0110-e91.fits	58781.380212	1.026957
37	tfn0m414-kb81-20191024-0111-e91.fits	58781.381061	1.032679
