#	Label	J.D.-2400000	rel_flux_T1_n
1	tfn0m410-kb23-20191013-0115-e91.fits	58770.397551	0.994551
2	tfn0m410-kb23-20191013-0116-e91.fits	58770.398412	0.993980
3	tfn0m410-kb23-20191013-0117-e91.fits	58770.399275	1.000630
4	tfn0m410-kb23-20191013-0118-e91.fits	58770.400142	0.992182
5	tfn0m410-kb23-20191013-0119-e91.fits	58770.401024	0.988672
6	tfn0m410-kb23-20191013-0120-e91.fits	58770.401885	0.989839
7	tfn0m410-kb23-20191013-0121-e91.fits	58770.402744	0.997951
8	tfn0m410-kb23-20191013-0122-e91.fits	58770.403631	1.002671
9	tfn0m410-kb23-20191013-0123-e91.fits	58770.404492	0.997245
10	tfn0m410-kb23-20191013-0124-e91.fits	58770.405351	1.000721
11	tfn0m410-kb23-20191015-0084-e91.fits	58772.344220	1.005679
12	tfn0m410-kb23-20191015-0085-e91.fits	58772.345080	1.003834
13	tfn0m410-kb23-20191015-0086-e91.fits	58772.345939	1.013934
14	tfn0m410-kb23-20191015-0087-e91.fits	58772.346798	1.006084
15	tfn0m410-kb23-20191015-0088-e91.fits	58772.347658	1.006154
16	tfn0m410-kb23-20191015-0089-e91.fits	58772.348519	1.010961
17	tfn0m410-kb23-20191015-0090-e91.fits	58772.349378	1.011646
18	tfn0m410-kb23-20191015-0091-e91.fits	58772.350238	1.004150
19	tfn0m410-kb23-20191015-0092-e91.fits	58772.351098	1.009690
20	tfn0m410-kb23-20191015-0093-e91.fits	58772.351956	1.006521
21	tfn0m410-kb23-20191018-0149-e91.fits	58775.358216	0.991812
22	tfn0m410-kb23-20191018-0150-e91.fits	58775.359077	1.002117
23	tfn0m410-kb23-20191018-0151-e91.fits	58775.359951	0.991932
24	tfn0m410-kb23-20191018-0152-e91.fits	58775.360810	0.999266
25	tfn0m410-kb23-20191018-0153-e91.fits	58775.361688	0.994667
26	tfn0m410-kb23-20191018-0154-e91.fits	58775.362548	0.997944
27	tfn0m410-kb23-20191018-0155-e91.fits	58775.363407	0.990920
28	tfn0m410-kb23-20191018-0156-e91.fits	58775.364266	0.991840
29	tfn0m410-kb23-20191018-0157-e91.fits	58775.365139	0.997422
30	tfn0m410-kb23-20191018-0158-e91.fits	58775.366027	0.997984
